#  0.0464 0.0 34.0 4e-07
0 218 0.0 8.5376
1 215 4e-07 8.398399999999999
2 218 8e-07 8.5376
3 217 1.2e-06 8.4912
4 218 1.6e-06 8.5376
5 217 2e-06 8.4912
6 219 2.4e-06 8.584
7 217 2.8e-06 8.4912
8 216 3.2e-06 8.444799999999999
9 219 3.6e-06 8.584
10 217 4e-06 8.4912
11 217 4.4e-06 8.4912
12 218 4.8e-06 8.5376
13 217 5.199999999999999e-06 8.4912
14 215 5.6e-06 8.398399999999999
15 218 6e-06 8.5376
16 217 6.4e-06 8.4912
17 219 6.799999999999999e-06 8.584
18 216 7.2e-06 8.444799999999999
19 218 7.6e-06 8.5376
20 217 8e-06 8.4912
21 217 8.4e-06 8.4912
22 215 8.8e-06 8.398399999999999
23 217 9.2e-06 8.4912
24 216 9.6e-06 8.444799999999999
25 218 9.999999999999999e-06 8.5376
26 218 1.0399999999999999e-05 8.5376
27 219 1.08e-05 8.584
28 216 1.12e-05 8.444799999999999
29 217 1.1599999999999999e-05 8.4912
30 217 1.2e-05 8.4912
31 217 1.24e-05 8.4912
32 216 1.28e-05 8.444799999999999
33 217 1.3199999999999999e-05 8.4912
34 216 1.3599999999999999e-05 8.444799999999999
35 217 1.4e-05 8.4912
36 217 1.44e-05 8.4912
37 217 1.4799999999999999e-05 8.4912
38 217 1.52e-05 8.4912
39 219 1.56e-05 8.584
40 219 1.6e-05 8.584
41 217 1.64e-05 8.4912
42 216 1.68e-05 8.444799999999999
43 217 1.7199999999999998e-05 8.4912
44 218 1.76e-05 8.5376
45 216 1.8e-05 8.444799999999999
46 217 1.84e-05 8.4912
47 217 1.88e-05 8.4912
48 218 1.92e-05 8.5376
49 216 1.96e-05 8.444799999999999
50 217 1.9999999999999998e-05 8.4912
51 218 2.0399999999999998e-05 8.5376
52 219 2.0799999999999997e-05 8.584
53 217 2.12e-05 8.4912
54 218 2.16e-05 8.5376
55 218 2.2e-05 8.5376
56 218 2.24e-05 8.5376
57 218 2.28e-05 8.5376
58 218 2.3199999999999998e-05 8.5376
59 218 2.3599999999999998e-05 8.5376
60 218 2.4e-05 8.5376
61 217 2.44e-05 8.4912
62 218 2.48e-05 8.5376
63 217 2.52e-05 8.4912
64 218 2.56e-05 8.5376
65 218 2.6e-05 8.5376
66 218 2.6399999999999998e-05 8.5376
67 218 2.6799999999999998e-05 8.5376
68 218 2.7199999999999997e-05 8.5376
69 216 2.76e-05 8.444799999999999
70 216 2.8e-05 8.444799999999999
71 217 2.84e-05 8.4912
72 218 2.88e-05 8.5376
73 219 2.9199999999999998e-05 8.584
74 220 2.9599999999999998e-05 8.6304
75 218 2.9999999999999997e-05 8.5376
76 217 3.04e-05 8.4912
77 217 3.0799999999999996e-05 8.4912
78 218 3.12e-05 8.5376
79 218 3.1599999999999996e-05 8.5376
80 217 3.2e-05 8.4912
81 215 3.24e-05 8.398399999999999
82 216 3.28e-05 8.444799999999999
83 217 3.32e-05 8.4912
84 215 3.36e-05 8.398399999999999
85 217 3.4e-05 8.4912
86 216 3.4399999999999996e-05 8.444799999999999
87 220 3.48e-05 8.6304
88 217 3.52e-05 8.4912
89 218 3.56e-05 8.5376
90 217 3.6e-05 8.4912
91 218 3.64e-05 8.5376
92 216 3.68e-05 8.444799999999999
93 217 3.7199999999999996e-05 8.4912
94 216 3.76e-05 8.444799999999999
95 217 3.7999999999999995e-05 8.4912
96 217 3.84e-05 8.4912
97 219 3.88e-05 8.584
98 218 3.92e-05 8.5376
99 219 3.96e-05 8.584
100 215 3.9999999999999996e-05 8.398399999999999
101 218 4.04e-05 8.5376
102 216 4.0799999999999996e-05 8.444799999999999
103 218 4.12e-05 8.5376
104 216 4.1599999999999995e-05 8.444799999999999
105 219 4.2e-05 8.584
106 217 4.24e-05 8.4912
107 216 4.28e-05 8.444799999999999
108 218 4.32e-05 8.5376
109 217 4.3599999999999996e-05 8.4912
110 216 4.4e-05 8.444799999999999
111 218 4.4399999999999995e-05 8.5376
112 218 4.48e-05 8.5376
113 217 4.52e-05 8.4912
114 217 4.56e-05 8.4912
115 218 4.6e-05 8.5376
116 219 4.6399999999999996e-05 8.584
117 217 4.68e-05 8.4912
118 218 4.7199999999999995e-05 8.5376
119 217 4.76e-05 8.4912
120 219 4.8e-05 8.584
121 215 4.84e-05 8.398399999999999
122 217 4.88e-05 8.4912
123 218 4.9199999999999997e-05 8.5376
124 217 4.96e-05 8.4912
125 215 4.9999999999999996e-05 8.398399999999999
126 221 5.04e-05 8.6768
127 217 5.0799999999999995e-05 8.4912
128 218 5.12e-05 8.5376
129 216 5.16e-05 8.444799999999999
130 218 5.2e-05 8.5376
131 216 5.24e-05 8.444799999999999
132 218 5.2799999999999996e-05 8.5376
133 215 5.32e-05 8.398399999999999
134 219 5.3599999999999995e-05 8.584
135 216 5.4e-05 8.444799999999999
136 218 5.4399999999999994e-05 8.5376
137 216 5.48e-05 8.444799999999999
138 218 5.52e-05 8.5376
139 219 5.5599999999999996e-05 8.584
140 216 5.6e-05 8.444799999999999
141 216 5.6399999999999995e-05 8.444799999999999
142 216 5.68e-05 8.444799999999999
143 218 5.7199999999999994e-05 8.5376
144 215 5.76e-05 8.398399999999999
145 217 5.8e-05 8.4912
146 217 5.8399999999999997e-05 8.4912
147 216 5.88e-05 8.444799999999999
148 216 5.9199999999999996e-05 8.444799999999999
149 219 5.96e-05 8.584
150 217 5.9999999999999995e-05 8.4912
151 219 6.04e-05 8.584
152 216 6.08e-05 8.444799999999999
153 218 6.12e-05 8.5376
154 217 6.159999999999999e-05 8.4912
155 217 6.2e-05 8.4912
156 217 6.24e-05 8.4912
157 218 6.28e-05 8.5376
158 217 6.319999999999999e-05 8.4912
159 218 6.36e-05 8.5376
160 218 6.4e-05 8.5376
161 217 6.44e-05 8.4912
162 217 6.48e-05 8.4912
163 218 6.52e-05 8.5376
164 218 6.56e-05 8.5376
165 218 6.599999999999999e-05 8.5376
166 218 6.64e-05 8.5376
167 219 6.68e-05 8.584
168 218 6.72e-05 8.5376
169 220 6.76e-05 8.6304
170 217 6.8e-05 8.4912
171 217 6.84e-05 8.4912
172 219 6.879999999999999e-05 8.584
173 218 6.92e-05 8.5376
174 217 6.96e-05 8.4912
175 219 7e-05 8.584
176 219 7.04e-05 8.584
177 216 7.08e-05 8.444799999999999
178 218 7.12e-05 8.5376
179 216 7.159999999999999e-05 8.444799999999999
180 215 7.2e-05 8.398399999999999
181 218 7.24e-05 8.5376
182 218 7.28e-05 8.5376
183 216 7.319999999999999e-05 8.444799999999999
184 217 7.36e-05 8.4912
185 218 7.4e-05 8.5376
186 218 7.439999999999999e-05 8.5376
187 216 7.48e-05 8.444799999999999
188 217 7.52e-05 8.4912
189 216 7.56e-05 8.444799999999999
190 218 7.599999999999999e-05 8.5376
191 216 7.64e-05 8.444799999999999
192 218 7.68e-05 8.5376
193 216 7.719999999999999e-05 8.444799999999999
194 217 7.76e-05 8.4912
195 218 7.8e-05 8.5376
196 218 7.84e-05 8.5376
197 217 7.879999999999999e-05 8.4912
198 218 7.92e-05 8.5376
199 215 7.96e-05 8.398399999999999
200 217 7.999999999999999e-05 8.4912
201 216 8.04e-05 8.444799999999999
202 217 8.08e-05 8.4912
203 215 8.12e-05 8.398399999999999
204 218 8.159999999999999e-05 8.5376
205 217 8.2e-05 8.4912
206 216 8.24e-05 8.444799999999999
207 217 8.28e-05 8.4912
208 216 8.319999999999999e-05 8.444799999999999
209 217 8.36e-05 8.4912
210 217 8.4e-05 8.4912
211 217 8.439999999999999e-05 8.4912
212 217 8.48e-05 8.4912
213 219 8.52e-05 8.584
214 216 8.56e-05 8.444799999999999
215 218 8.599999999999999e-05 8.5376
216 217 8.64e-05 8.4912
217 218 8.68e-05 8.5376
218 217 8.719999999999999e-05 8.4912
219 218 8.76e-05 8.5376
220 217 8.8e-05 8.4912
221 219 8.84e-05 8.584
222 216 8.879999999999999e-05 8.444799999999999
223 217 8.92e-05 8.4912
224 217 8.96e-05 8.4912
225 222 8.999999999999999e-05 8.723199999999999
226 217 9.04e-05 8.4912
227 220 9.08e-05 8.6304
228 216 9.12e-05 8.444799999999999
229 218 9.159999999999999e-05 8.5376
230 216 9.2e-05 8.444799999999999
231 219 9.24e-05 8.584
232 217 9.279999999999999e-05 8.4912
233 219 9.32e-05 8.584
234 218 9.36e-05 8.5376
235 219 9.4e-05 8.584
236 217 9.439999999999999e-05 8.4912
237 218 9.48e-05 8.5376
238 218 9.52e-05 8.5376
239 217 9.559999999999999e-05 8.4912
240 217 9.6e-05 8.4912
241 217 9.64e-05 8.4912
242 217 9.68e-05 8.4912
243 216 9.719999999999999e-05 8.444799999999999
244 217 9.76e-05 8.4912
245 217 9.8e-05 8.4912
246 217 9.839999999999999e-05 8.4912
247 217 9.879999999999999e-05 8.4912
248 218 9.92e-05 8.5376
249 216 9.96e-05 8.444799999999999
250 218 9.999999999999999e-05 8.5376
251 216 0.0001004 8.444799999999999
252 217 0.0001008 8.4912
253 216 0.0001012 8.444799999999999
254 216 0.00010159999999999999 8.444799999999999
255 216 0.000102 8.444799999999999
256 218 0.0001024 8.5376
257 217 0.00010279999999999999 8.4912
258 215 0.0001032 8.398399999999999
259 218 0.0001036 8.5376
260 218 0.000104 8.5376
261 217 0.00010439999999999999 8.4912
262 218 0.0001048 8.5376
263 216 0.0001052 8.444799999999999
264 217 0.00010559999999999999 8.4912
265 218 0.000106 8.5376
266 217 0.0001064 8.4912
267 217 0.0001068 8.4912
268 218 0.00010719999999999999 8.5376
269 217 0.0001076 8.4912
270 218 0.000108 8.5376
271 219 0.00010839999999999999 8.584
272 217 0.00010879999999999999 8.4912
273 217 0.0001092 8.4912
274 216 0.0001096 8.444799999999999
275 218 0.00010999999999999999 8.5376
276 217 0.0001104 8.4912
277 219 0.0001108 8.584
278 216 0.00011119999999999999 8.444799999999999
279 217 0.00011159999999999999 8.4912
280 216 0.000112 8.444799999999999
281 219 0.0001124 8.584
282 217 0.00011279999999999999 8.4912
283 215 0.0001132 8.398399999999999
284 219 0.0001136 8.584
285 218 0.00011399999999999999 8.5376
286 217 0.00011439999999999999 8.4912
287 218 0.0001148 8.5376
288 216 0.0001152 8.444799999999999
289 219 0.00011559999999999999 8.584
290 217 0.000116 8.4912
291 219 0.0001164 8.584
292 216 0.00011679999999999999 8.444799999999999
293 218 0.00011719999999999999 8.5376
294 218 0.0001176 8.5376
295 217 0.000118 8.4912
296 217 0.00011839999999999999 8.4912
297 218 0.0001188 8.5376
298 215 0.0001192 8.398399999999999
299 218 0.0001196 8.5376
300 217 0.00011999999999999999 8.4912
301 217 0.0001204 8.4912
302 217 0.0001208 8.4912
303 219 0.00012119999999999999 8.584
304 217 0.0001216 8.4912
305 217 0.000122 8.4912
306 217 0.0001224 8.4912
307 215 0.0001228 8.398399999999999
308 216 0.00012319999999999999 8.444799999999999
309 216 0.0001236 8.444799999999999
310 217 0.000124 8.4912
311 216 0.0001244 8.444799999999999
312 217 0.0001248 8.4912
313 218 0.0001252 8.5376
314 217 0.0001256 8.4912
315 216 0.000126 8.444799999999999
316 216 0.00012639999999999998 8.444799999999999
317 216 0.0001268 8.444799999999999
318 218 0.0001272 8.5376
319 214 0.00012759999999999998 8.352
320 217 0.000128 8.4912
321 217 0.0001284 8.4912
322 218 0.0001288 8.5376
323 216 0.0001292 8.444799999999999
324 220 0.0001296 8.6304
325 218 0.00013 8.5376
326 219 0.0001304 8.584
327 217 0.00013079999999999998 8.4912
328 218 0.0001312 8.5376
329 216 0.0001316 8.444799999999999
330 219 0.00013199999999999998 8.584
331 216 0.0001324 8.444799999999999
332 218 0.0001328 8.5376
333 218 0.00013319999999999999 8.5376
334 219 0.0001336 8.584
335 217 0.000134 8.4912
336 218 0.0001344 8.5376
337 219 0.0001348 8.584
338 217 0.0001352 8.4912
339 217 0.0001356 8.4912
340 216 0.000136 8.444799999999999
341 219 0.00013639999999999998 8.584
342 215 0.0001368 8.398399999999999
343 217 0.0001372 8.4912
344 219 0.00013759999999999998 8.584
345 216 0.000138 8.444799999999999
346 215 0.0001384 8.398399999999999
347 217 0.00013879999999999999 8.4912
348 218 0.0001392 8.5376
349 220 0.0001396 8.6304
350 218 0.00014 8.5376
351 219 0.0001404 8.584
352 218 0.0001408 8.5376
353 219 0.0001412 8.584
354 218 0.0001416 8.5376
355 217 0.00014199999999999998 8.4912
356 217 0.0001424 8.4912
357 217 0.0001428 8.4912
358 218 0.00014319999999999998 8.5376
359 216 0.0001436 8.444799999999999
360 218 0.000144 8.5376
361 219 0.00014439999999999999 8.584
362 217 0.0001448 8.4912
363 218 0.0001452 8.5376
364 215 0.0001456 8.398399999999999
365 218 0.000146 8.5376
366 216 0.00014639999999999998 8.444799999999999
367 218 0.0001468 8.5376
368 216 0.0001472 8.444799999999999
369 217 0.00014759999999999998 8.4912
370 217 0.000148 8.4912
371 217 0.0001484 8.4912
372 217 0.00014879999999999998 8.4912
373 219 0.0001492 8.584
374 218 0.0001496 8.5376
375 216 0.00015 8.444799999999999
376 218 0.0001504 8.5376
377 215 0.0001508 8.398399999999999
378 216 0.0001512 8.444799999999999
379 216 0.0001516 8.444799999999999
380 217 0.00015199999999999998 8.4912
381 215 0.0001524 8.398399999999999
382 217 0.0001528 8.4912
383 217 0.00015319999999999998 8.4912
384 217 0.0001536 8.4912
385 217 0.000154 8.4912
386 218 0.00015439999999999999 8.5376
387 217 0.0001548 8.4912
388 217 0.0001552 8.4912
389 216 0.0001556 8.444799999999999
390 218 0.000156 8.5376
391 217 0.00015639999999999998 8.4912
392 218 0.0001568 8.5376
393 217 0.0001572 8.4912
394 219 0.00015759999999999998 8.584
395 217 0.000158 8.4912
396 218 0.0001584 8.5376
397 217 0.00015879999999999998 8.4912
398 219 0.0001592 8.584
399 218 0.0001596 8.5376
400 217 0.00015999999999999999 8.4912
401 216 0.0001604 8.444799999999999
402 219 0.0001608 8.584
403 217 0.0001612 8.4912
404 217 0.0001616 8.4912
405 218 0.00016199999999999998 8.5376
406 216 0.0001624 8.444799999999999
407 216 0.0001628 8.444799999999999
408 217 0.00016319999999999998 8.4912
409 217 0.0001636 8.4912
410 216 0.000164 8.444799999999999
411 218 0.00016439999999999998 8.5376
412 217 0.0001648 8.4912
413 218 0.0001652 8.5376
414 217 0.0001656 8.4912
415 221 0.000166 8.6768
416 217 0.00016639999999999998 8.4912
417 219 0.0001668 8.584
418 216 0.0001672 8.444799999999999
419 217 0.00016759999999999998 8.4912
420 217 0.000168 8.4912
421 218 0.0001684 8.5376
422 216 0.00016879999999999998 8.444799999999999
423 218 0.0001692 8.5376
424 214 0.0001696 8.352
425 219 0.00016999999999999999 8.584
426 218 0.0001704 8.5376
427 217 0.0001708 8.4912
428 216 0.0001712 8.444799999999999
429 217 0.0001716 8.4912
430 217 0.00017199999999999998 8.4912
431 218 0.0001724 8.5376
432 217 0.0001728 8.4912
433 218 0.00017319999999999998 8.5376
434 215 0.0001736 8.398399999999999
435 218 0.000174 8.5376
436 219 0.00017439999999999998 8.584
437 216 0.0001748 8.444799999999999
438 217 0.0001752 8.4912
439 217 0.00017559999999999999 8.4912
440 216 0.000176 8.444799999999999
441 215 0.0001764 8.398399999999999
442 220 0.0001768 8.6304
443 217 0.0001772 8.4912
444 216 0.00017759999999999998 8.444799999999999
445 217 0.000178 8.4912
446 220 0.0001784 8.6304
447 218 0.00017879999999999998 8.5376
448 218 0.0001792 8.5376
449 217 0.0001796 8.4912
450 218 0.00017999999999999998 8.5376
451 216 0.0001804 8.444799999999999
452 216 0.0001808 8.444799999999999
453 218 0.00018119999999999999 8.5376
454 219 0.0001816 8.584
455 217 0.00018199999999999998 8.4912
456 217 0.0001824 8.4912
457 218 0.0001828 8.5376
458 218 0.00018319999999999998 8.5376
459 216 0.0001836 8.444799999999999
460 219 0.000184 8.584
461 217 0.00018439999999999998 8.4912
462 216 0.0001848 8.444799999999999
463 218 0.0001852 8.5376
464 218 0.00018559999999999998 8.5376
465 218 0.000186 8.5376
466 218 0.0001864 8.5376
467 218 0.0001868 8.5376
468 218 0.0001872 8.5376
469 219 0.00018759999999999998 8.584
470 219 0.000188 8.584
471 218 0.0001884 8.5376
472 218 0.00018879999999999998 8.5376
473 218 0.0001892 8.5376
474 218 0.0001896 8.5376
475 218 0.00018999999999999998 8.5376
476 215 0.0001904 8.398399999999999
477 216 0.0001908 8.444799999999999
478 215 0.00019119999999999999 8.398399999999999
479 217 0.0001916 8.4912
480 216 0.000192 8.444799999999999
481 215 0.0001924 8.398399999999999
482 217 0.0001928 8.4912
483 217 0.00019319999999999998 8.4912
484 216 0.0001936 8.444799999999999
485 219 0.000194 8.584
486 216 0.00019439999999999998 8.444799999999999
487 217 0.0001948 8.4912
488 216 0.0001952 8.444799999999999
489 218 0.00019559999999999998 8.5376
490 217 0.000196 8.4912
491 217 0.0001964 8.4912
492 216 0.00019679999999999999 8.444799999999999
493 219 0.0001972 8.584
494 216 0.00019759999999999998 8.444799999999999
495 219 0.000198 8.584
496 215 0.0001984 8.398399999999999
497 219 0.00019879999999999998 8.584
498 217 0.0001992 8.4912
499 218 0.0001996 8.5376
500 215 0.00019999999999999998 8.398399999999999
501 219 0.0002004 8.584
502 216 0.0002008 8.444799999999999
503 216 0.00020119999999999998 8.444799999999999
504 217 0.0002016 8.4912
505 217 0.000202 8.4912
506 216 0.0002024 8.444799999999999
507 217 0.0002028 8.4912
508 219 0.00020319999999999998 8.584
509 215 0.0002036 8.398399999999999
510 219 0.000204 8.584
511 218 0.00020439999999999998 8.5376
512 218 0.0002048 8.5376
513 216 0.0002052 8.444799999999999
514 219 0.00020559999999999998 8.584
515 219 0.000206 8.584
516 219 0.0002064 8.584
517 215 0.00020679999999999999 8.398399999999999
518 217 0.0002072 8.4912
519 217 0.00020759999999999998 8.4912
520 218 0.000208 8.5376
521 217 0.0002084 8.4912
522 219 0.00020879999999999998 8.584
523 218 0.0002092 8.5376
524 218 0.0002096 8.5376
525 217 0.00020999999999999998 8.4912
526 219 0.0002104 8.584
527 215 0.0002108 8.398399999999999
528 217 0.00021119999999999998 8.4912
529 216 0.0002116 8.444799999999999
530 219 0.000212 8.584
531 216 0.00021239999999999999 8.444799999999999
532 219 0.0002128 8.584
533 217 0.00021319999999999998 8.4912
534 217 0.0002136 8.4912
535 220 0.000214 8.6304
536 217 0.00021439999999999998 8.4912
537 216 0.0002148 8.444799999999999
538 216 0.0002152 8.444799999999999
539 216 0.00021559999999999998 8.444799999999999
540 215 0.000216 8.398399999999999
541 217 0.0002164 8.4912
542 217 0.00021679999999999998 8.4912
543 216 0.0002172 8.444799999999999
544 218 0.00021759999999999998 8.5376
545 219 0.00021799999999999999 8.584
546 215 0.0002184 8.398399999999999
547 219 0.00021879999999999998 8.584
548 216 0.0002192 8.444799999999999
549 219 0.0002196 8.584
550 216 0.00021999999999999998 8.444799999999999
551 217 0.0002204 8.4912
552 217 0.0002208 8.4912
553 218 0.00022119999999999998 8.5376
554 217 0.0002216 8.4912
555 216 0.000222 8.444799999999999
556 218 0.00022239999999999998 8.5376
557 217 0.0002228 8.4912
558 216 0.00022319999999999998 8.444799999999999
559 218 0.0002236 8.5376
560 218 0.000224 8.5376
561 217 0.00022439999999999998 8.4912
562 218 0.0002248 8.5376
563 218 0.0002252 8.5376
564 217 0.00022559999999999998 8.4912
565 218 0.000226 8.5376
566 216 0.0002264 8.444799999999999
567 218 0.00022679999999999998 8.5376
568 218 0.0002272 8.5376
569 218 0.0002276 8.5376
570 220 0.00022799999999999999 8.6304
571 218 0.0002284 8.5376
572 218 0.00022879999999999998 8.5376
573 216 0.0002292 8.444799999999999
574 218 0.0002296 8.5376
575 216 0.00022999999999999998 8.444799999999999
576 216 0.0002304 8.444799999999999
577 216 0.0002308 8.444799999999999
578 217 0.00023119999999999998 8.4912
579 218 0.0002316 8.5376
580 217 0.000232 8.4912
581 216 0.00023239999999999998 8.444799999999999
582 218 0.0002328 8.5376
583 216 0.00023319999999999998 8.444799999999999
584 218 0.00023359999999999999 8.5376
585 218 0.000234 8.5376
586 217 0.00023439999999999998 8.4912
587 216 0.0002348 8.444799999999999
588 217 0.0002352 8.4912
589 216 0.00023559999999999998 8.444799999999999
590 218 0.000236 8.5376
591 218 0.0002364 8.5376
592 217 0.00023679999999999998 8.4912
593 217 0.0002372 8.4912
594 217 0.0002376 8.4912
595 215 0.00023799999999999998 8.398399999999999
596 218 0.0002384 8.5376
597 216 0.00023879999999999998 8.444799999999999
598 217 0.0002392 8.4912
599 216 0.0002396 8.444799999999999
600 218 0.00023999999999999998 8.5376
601 217 0.0002404 8.4912
602 215 0.0002408 8.398399999999999
603 217 0.00024119999999999998 8.4912
604 217 0.0002416 8.4912
605 216 0.000242 8.444799999999999
606 216 0.00024239999999999998 8.444799999999999
607 217 0.0002428 8.4912
608 217 0.0002432 8.4912
609 219 0.00024359999999999999 8.584
610 217 0.000244 8.4912
611 218 0.0002444 8.5376
612 216 0.0002448 8.444799999999999
613 219 0.0002452 8.584
614 216 0.0002456 8.444799999999999
615 219 0.00024599999999999996 8.584
616 217 0.00024639999999999997 8.4912
617 216 0.0002468 8.444799999999999
618 216 0.0002472 8.444799999999999
619 219 0.0002476 8.584
620 217 0.000248 8.4912
621 218 0.00024839999999999997 8.5376
622 217 0.0002488 8.4912
623 219 0.0002492 8.584
624 217 0.0002496 8.4912
625 218 0.00025 8.5376
626 217 0.0002504 8.4912
627 217 0.00025079999999999997 8.4912
628 217 0.0002512 8.4912
629 219 0.0002516 8.584
630 219 0.000252 8.584
631 218 0.0002524 8.5376
632 217 0.00025279999999999996 8.4912
633 219 0.0002532 8.584
634 218 0.0002536 8.5376
635 216 0.000254 8.444799999999999
636 218 0.0002544 8.5376
637 216 0.0002548 8.444799999999999
638 217 0.00025519999999999997 8.4912
639 216 0.0002556 8.444799999999999
640 217 0.000256 8.4912
641 217 0.0002564 8.4912
642 217 0.0002568 8.4912
643 218 0.00025719999999999996 8.5376
644 218 0.0002576 8.5376
645 216 0.000258 8.444799999999999
646 218 0.0002584 8.5376
647 216 0.0002588 8.444799999999999
648 218 0.0002592 8.5376
649 216 0.00025959999999999997 8.444799999999999
650 216 0.00026 8.444799999999999
651 217 0.0002604 8.4912
652 217 0.0002608 8.4912
653 217 0.0002612 8.4912
654 215 0.00026159999999999996 8.398399999999999
655 217 0.00026199999999999997 8.4912
656 217 0.0002624 8.4912
657 217 0.0002628 8.4912
658 218 0.0002632 8.5376
659 218 0.0002636 8.5376
660 217 0.00026399999999999997 8.4912
661 217 0.0002644 8.4912
662 219 0.0002648 8.584
663 218 0.0002652 8.5376
664 218 0.0002656 8.5376
665 215 0.000266 8.398399999999999
666 217 0.00026639999999999997 8.4912
667 218 0.0002668 8.5376
668 219 0.0002672 8.584
669 217 0.0002676 8.4912
670 217 0.000268 8.4912
671 218 0.00026839999999999996 8.5376
672 216 0.0002688 8.444799999999999
673 219 0.0002692 8.584
674 216 0.0002696 8.444799999999999
675 216 0.00027 8.444799999999999
676 216 0.0002704 8.444799999999999
677 219 0.00027079999999999997 8.584
678 215 0.0002712 8.398399999999999
679 218 0.0002716 8.5376
680 216 0.000272 8.444799999999999
681 218 0.0002724 8.5376
682 216 0.00027279999999999996 8.444799999999999
683 219 0.00027319999999999997 8.584
684 218 0.0002736 8.5376
685 218 0.000274 8.5376
686 217 0.0002744 8.4912
687 217 0.0002748 8.4912
688 218 0.00027519999999999997 8.5376
689 218 0.0002756 8.5376
690 218 0.000276 8.5376
691 218 0.0002764 8.5376
692 216 0.0002768 8.444799999999999
693 218 0.00027719999999999996 8.5376
694 216 0.00027759999999999997 8.444799999999999
695 220 0.000278 8.6304
696 217 0.0002784 8.4912
697 217 0.0002788 8.4912
698 216 0.0002792 8.444799999999999
699 218 0.00027959999999999997 8.5376
700 217 0.00028 8.4912
701 215 0.0002804 8.398399999999999
702 218 0.0002808 8.5376
703 216 0.0002812 8.444799999999999
704 216 0.0002816 8.444799999999999
705 218 0.00028199999999999997 8.5376
706 217 0.0002824 8.4912
707 215 0.0002828 8.398399999999999
708 217 0.0002832 8.4912
709 216 0.0002836 8.444799999999999
710 216 0.00028399999999999996 8.444799999999999
711 215 0.0002844 8.398399999999999
712 218 0.0002848 8.5376
713 216 0.0002852 8.444799999999999
714 217 0.0002856 8.4912
715 215 0.000286 8.398399999999999
716 216 0.00028639999999999997 8.444799999999999
717 215 0.0002868 8.398399999999999
718 217 0.0002872 8.4912
719 216 0.0002876 8.444799999999999
720 218 0.000288 8.5376
721 215 0.00028839999999999996 8.398399999999999
722 217 0.00028879999999999997 8.4912
723 216 0.0002892 8.444799999999999
724 217 0.0002896 8.4912
725 216 0.00029 8.444799999999999
726 215 0.0002904 8.398399999999999
727 215 0.00029079999999999997 8.398399999999999
728 219 0.0002912 8.584
729 216 0.0002916 8.444799999999999
730 218 0.000292 8.5376
731 216 0.0002924 8.444799999999999
732 219 0.00029279999999999996 8.584
733 217 0.00029319999999999997 8.4912
734 215 0.0002936 8.398399999999999
735 215 0.000294 8.398399999999999
736 216 0.0002944 8.444799999999999
737 217 0.0002948 8.4912
738 216 0.00029519999999999997 8.444799999999999
739 217 0.0002956 8.4912
740 217 0.000296 8.4912
741 216 0.0002964 8.444799999999999
742 217 0.0002968 8.4912
743 218 0.00029719999999999996 8.5376
744 215 0.00029759999999999997 8.398399999999999
745 218 0.000298 8.5376
746 215 0.0002984 8.398399999999999
747 218 0.0002988 8.5376
748 216 0.0002992 8.444799999999999
749 215 0.00029959999999999996 8.398399999999999
750 217 0.0003 8.4912
751 217 0.0003004 8.4912
752 216 0.0003008 8.444799999999999
753 215 0.0003012 8.398399999999999
754 214 0.0003016 8.352
755 216 0.00030199999999999997 8.444799999999999
756 214 0.0003024 8.352
757 215 0.0003028 8.398399999999999
758 214 0.0003032 8.352
759 215 0.0003036 8.398399999999999
760 214 0.00030399999999999996 8.352
761 216 0.00030439999999999997 8.444799999999999
762 215 0.0003048 8.398399999999999
763 216 0.0003052 8.444799999999999
764 215 0.0003056 8.398399999999999
765 216 0.000306 8.444799999999999
766 214 0.00030639999999999997 8.352
767 217 0.0003068 8.4912
768 213 0.0003072 8.3056
769 215 0.0003076 8.398399999999999
770 215 0.000308 8.398399999999999
771 215 0.00030839999999999996 8.398399999999999
772 216 0.00030879999999999997 8.444799999999999
773 213 0.0003092 8.3056
774 213 0.0003096 8.3056
775 213 0.00031 8.3056
776 214 0.0003104 8.352
777 213 0.00031079999999999997 8.3056
778 214 0.0003112 8.352
779 214 0.0003116 8.352
780 214 0.000312 8.352
781 214 0.0003124 8.352
782 216 0.00031279999999999996 8.444799999999999
783 212 0.00031319999999999997 8.2592
784 215 0.0003136 8.398399999999999
785 212 0.000314 8.2592
786 214 0.0003144 8.352
787 215 0.0003148 8.398399999999999
788 213 0.00031519999999999996 8.3056
789 215 0.0003156 8.398399999999999
790 215 0.000316 8.398399999999999
791 215 0.0003164 8.398399999999999
792 215 0.0003168 8.398399999999999
793 213 0.0003172 8.3056
794 215 0.00031759999999999997 8.398399999999999
795 214 0.000318 8.352
796 212 0.0003184 8.2592
797 213 0.0003188 8.3056
798 214 0.0003192 8.352
799 214 0.00031959999999999996 8.352
800 211 0.00031999999999999997 8.2128
801 214 0.0003204 8.352
802 213 0.0003208 8.3056
803 213 0.0003212 8.3056
804 213 0.0003216 8.3056
805 214 0.00032199999999999997 8.352
806 213 0.0003224 8.3056
807 213 0.0003228 8.3056
808 212 0.0003232 8.2592
809 213 0.0003236 8.3056
810 211 0.00032399999999999996 8.2128
811 214 0.00032439999999999997 8.352
812 212 0.0003248 8.2592
813 214 0.0003252 8.352
814 211 0.0003256 8.2128
815 212 0.000326 8.2592
816 212 0.00032639999999999996 8.2592
817 211 0.0003268 8.2128
818 211 0.0003272 8.2128
819 214 0.0003276 8.352
820 210 0.000328 8.1664
821 212 0.00032839999999999996 8.2592
822 212 0.00032879999999999997 8.2592
823 213 0.0003292 8.3056
824 210 0.0003296 8.1664
825 210 0.00033 8.1664
826 209 0.0003304 8.12
827 212 0.00033079999999999996 8.2592
828 211 0.0003312 8.2128
829 212 0.0003316 8.2592
830 209 0.000332 8.12
831 211 0.0003324 8.2128
832 211 0.00033279999999999996 8.2128
833 211 0.00033319999999999997 8.2128
834 209 0.0003336 8.12
835 209 0.000334 8.12
836 208 0.0003344 8.073599999999999
837 206 0.0003348 7.9807999999999995
838 210 0.00033519999999999996 8.1664
839 209 0.00033559999999999997 8.12
840 209 0.000336 8.12
841 209 0.0003364 8.12
842 209 0.0003368 8.12
843 208 0.0003372 8.073599999999999
844 211 0.00033759999999999997 8.2128
845 208 0.000338 8.073599999999999
846 210 0.0003384 8.1664
847 209 0.0003388 8.12
848 210 0.0003392 8.1664
849 209 0.00033959999999999996 8.12
850 209 0.00033999999999999997 8.12
851 208 0.0003404 8.073599999999999
852 210 0.0003408 8.1664
853 209 0.0003412 8.12
854 210 0.0003416 8.1664
855 207 0.00034199999999999996 8.027199999999999
856 208 0.0003424 8.073599999999999
857 206 0.0003428 7.9807999999999995
858 209 0.0003432 8.12
859 208 0.0003436 8.073599999999999
860 208 0.00034399999999999996 8.073599999999999
861 207 0.00034439999999999997 8.027199999999999
862 209 0.0003448 8.12
863 205 0.0003452 7.934399999999999
864 206 0.0003456 7.9807999999999995
865 208 0.000346 8.073599999999999
866 208 0.00034639999999999996 8.073599999999999
867 206 0.00034679999999999997 7.9807999999999995
868 206 0.0003472 7.9807999999999995
869 208 0.0003476 8.073599999999999
870 206 0.000348 7.9807999999999995
871 207 0.00034839999999999996 8.027199999999999
872 203 0.00034879999999999997 7.8416
873 205 0.0003492 7.934399999999999
874 204 0.0003496 7.888
875 205 0.00035 7.934399999999999
876 203 0.0003504 7.8416
877 203 0.00035079999999999996 7.8416
878 205 0.00035119999999999997 7.934399999999999
879 206 0.0003516 7.9807999999999995
880 203 0.000352 7.8416
881 206 0.0003524 7.9807999999999995
882 203 0.0003528 7.8416
883 204 0.00035319999999999997 7.888
884 204 0.0003536 7.888
885 204 0.000354 7.888
886 203 0.0003544 7.8416
887 205 0.0003548 7.934399999999999
888 203 0.00035519999999999996 7.8416
889 204 0.00035559999999999997 7.888
890 203 0.000356 7.8416
891 204 0.0003564 7.888
892 201 0.0003568 7.748799999999999
893 203 0.0003572 7.8416
894 201 0.00035759999999999996 7.748799999999999
895 201 0.000358 7.748799999999999
896 201 0.0003584 7.748799999999999
897 204 0.0003588 7.888
898 202 0.0003592 7.7951999999999995
899 201 0.00035959999999999996 7.748799999999999
900 202 0.00035999999999999997 7.7951999999999995
901 200 0.0003604 7.702399999999999
902 200 0.0003608 7.702399999999999
903 202 0.0003612 7.7951999999999995
904 201 0.0003616 7.748799999999999
905 200 0.00036199999999999996 7.702399999999999
906 202 0.00036239999999999997 7.7951999999999995
907 202 0.0003628 7.7951999999999995
908 201 0.0003632 7.748799999999999
909 198 0.0003636 7.6095999999999995
910 201 0.00036399999999999996 7.748799999999999
911 199 0.00036439999999999997 7.656
912 200 0.0003648 7.702399999999999
913 198 0.0003652 7.6095999999999995
914 200 0.0003656 7.702399999999999
915 197 0.000366 7.563199999999999
916 199 0.00036639999999999996 7.656
917 198 0.00036679999999999997 7.6095999999999995
918 202 0.0003672 7.7951999999999995
919 199 0.0003676 7.656
920 200 0.000368 7.702399999999999
921 199 0.0003684 7.656
922 198 0.00036879999999999997 7.6095999999999995
923 196 0.0003692 7.5168
924 196 0.0003696 7.5168
925 195 0.00037 7.4704
926 199 0.0003704 7.656
927 195 0.00037079999999999996 7.4704
928 198 0.00037119999999999997 7.6095999999999995
929 195 0.0003716 7.4704
930 197 0.000372 7.563199999999999
931 197 0.0003724 7.563199999999999
932 196 0.0003728 7.5168
933 195 0.00037319999999999996 7.4704
934 195 0.0003736 7.4704
935 194 0.000374 7.4239999999999995
936 194 0.0003744 7.4239999999999995
937 194 0.0003748 7.4239999999999995
938 195 0.00037519999999999996 7.4704
939 194 0.00037559999999999997 7.4239999999999995
940 194 0.000376 7.4239999999999995
941 195 0.0003764 7.4704
942 194 0.0003768 7.4239999999999995
943 196 0.0003772 7.5168
944 193 0.00037759999999999996 7.377599999999999
945 195 0.00037799999999999997 7.4704
946 193 0.0003784 7.377599999999999
947 193 0.0003788 7.377599999999999
948 194 0.0003792 7.4239999999999995
949 193 0.00037959999999999996 7.377599999999999
950 192 0.00037999999999999997 7.331199999999999
951 191 0.0003804 7.2848
952 193 0.0003808 7.377599999999999
953 192 0.0003812 7.331199999999999
954 192 0.0003816 7.331199999999999
955 192 0.00038199999999999996 7.331199999999999
956 191 0.00038239999999999997 7.2848
957 190 0.0003828 7.2383999999999995
958 191 0.0003832 7.2848
959 192 0.0003836 7.331199999999999
960 191 0.000384 7.2848
961 192 0.00038439999999999997 7.331199999999999
962 189 0.0003848 7.191999999999999
963 190 0.0003852 7.2383999999999995
964 189 0.0003856 7.191999999999999
965 191 0.000386 7.2848
966 190 0.00038639999999999996 7.2383999999999995
967 191 0.00038679999999999997 7.2848
968 190 0.0003872 7.2383999999999995
969 189 0.0003876 7.191999999999999
970 190 0.000388 7.2383999999999995
971 187 0.0003884 7.0992
972 187 0.00038879999999999996 7.0992
973 186 0.0003892 7.0527999999999995
974 187 0.0003896 7.0992
975 186 0.00039 7.0527999999999995
976 186 0.0003904 7.0527999999999995
977 186 0.00039079999999999996 7.0527999999999995
978 186 0.00039119999999999997 7.0527999999999995
979 186 0.0003916 7.0527999999999995
980 186 0.000392 7.0527999999999995
981 186 0.0003924 7.0527999999999995
982 186 0.0003928 7.0527999999999995
983 183 0.00039319999999999996 6.9136
984 186 0.00039359999999999997 7.0527999999999995
985 183 0.000394 6.9136
986 187 0.0003944 7.0992
987 185 0.0003948 7.006399999999999
988 184 0.00039519999999999996 6.959999999999999
989 185 0.00039559999999999997 7.006399999999999
990 183 0.000396 6.9136
991 182 0.0003964 6.8671999999999995
992 184 0.0003968 6.959999999999999
993 183 0.0003972 6.9136
994 183 0.00039759999999999996 6.9136
995 181 0.00039799999999999997 6.820799999999999
996 182 0.0003984 6.8671999999999995
997 181 0.0003988 6.820799999999999
998 181 0.0003992 6.820799999999999
999 181 0.00039959999999999996 6.820799999999999
1000 180 0.00039999999999999996 6.7744
1001 178 0.0004004 6.6815999999999995
1002 181 0.0004008 6.820799999999999
1003 179 0.0004012 6.728
1004 180 0.0004016 6.7744
1005 180 0.00040199999999999996 6.7744
1006 180 0.00040239999999999997 6.7744
1007 180 0.0004028 6.7744
1008 178 0.0004032 6.6815999999999995
1009 178 0.0004036 6.6815999999999995
1010 178 0.000404 6.6815999999999995
1011 178 0.00040439999999999996 6.6815999999999995
1012 176 0.0004048 6.588799999999999
1013 179 0.0004052 6.728
1014 176 0.0004056 6.588799999999999
1015 177 0.000406 6.635199999999999
1016 176 0.00040639999999999996 6.588799999999999
1017 177 0.00040679999999999997 6.635199999999999
1018 175 0.0004072 6.5424
1019 179 0.0004076 6.728
1020 176 0.000408 6.588799999999999
1021 175 0.0004084 6.5424
1022 175 0.00040879999999999996 6.5424
1023 174 0.00040919999999999997 6.4959999999999996
1024 174 0.0004096 6.4959999999999996
1025 175 0.00041 6.5424
1026 174 0.0004104 6.4959999999999996
1027 175 0.00041079999999999996 6.5424
1028 173 0.00041119999999999997 6.449599999999999
1029 174 0.0004116 6.4959999999999996
1030 173 0.000412 6.449599999999999
1031 172 0.0004124 6.4032
1032 173 0.0004128 6.449599999999999
1033 170 0.00041319999999999996 6.3104
1034 172 0.00041359999999999997 6.4032
1035 169 0.000414 6.263999999999999
1036 171 0.0004144 6.3568
1037 171 0.0004148 6.3568
1038 170 0.00041519999999999995 6.3104
1039 170 0.00041559999999999996 6.3104
1040 171 0.000416 6.3568
1041 169 0.0004164 6.263999999999999
1042 171 0.0004168 6.3568
1043 167 0.0004172 6.1712
1044 170 0.00041759999999999996 6.3104
1045 169 0.00041799999999999997 6.263999999999999
1046 168 0.0004184 6.217599999999999
1047 168 0.0004188 6.217599999999999
1048 167 0.0004192 6.1712
1049 166 0.0004196 6.1248
1050 166 0.00041999999999999996 6.1248
1051 167 0.0004204 6.1712
1052 166 0.0004208 6.1248
1053 165 0.0004212 6.078399999999999
1054 165 0.0004216 6.078399999999999
1055 165 0.00042199999999999996 6.078399999999999
1056 164 0.00042239999999999997 6.032
1057 165 0.0004228 6.078399999999999
1058 164 0.0004232 6.032
1059 163 0.0004236 5.9856
1060 164 0.000424 6.032
1061 162 0.00042439999999999996 5.9392
1062 162 0.00042479999999999997 5.9392
1063 163 0.0004252 5.9856
1064 164 0.0004256 6.032
1065 162 0.000426 5.9392
1066 162 0.00042639999999999996 5.9392
1067 160 0.00042679999999999997 5.846399999999999
1068 160 0.0004272 5.846399999999999
1069 162 0.0004276 5.9392
1070 159 0.000428 5.8
1071 157 0.0004284 5.707199999999999
1072 159 0.00042879999999999996 5.8
1073 159 0.00042919999999999997 5.8
1074 158 0.0004296 5.7536
1075 156 0.00043 5.6608
1076 159 0.0004304 5.8
1077 158 0.00043079999999999995 5.7536
1078 156 0.00043119999999999996 5.6608
1079 158 0.0004316 5.7536
1080 157 0.000432 5.707199999999999
1081 158 0.0004324 5.7536
1082 156 0.0004328 5.6608
1083 156 0.00043319999999999996 5.6608
1084 154 0.00043359999999999997 5.568
1085 157 0.000434 5.707199999999999
1086 153 0.0004344 5.521599999999999
1087 156 0.0004348 5.6608
1088 155 0.00043519999999999995 5.6144
1089 156 0.00043559999999999996 5.6608
1090 153 0.00043599999999999997 5.521599999999999
1091 155 0.0004364 5.6144
1092 152 0.0004368 5.475199999999999
1093 154 0.0004372 5.568
1094 151 0.00043759999999999996 5.4288
1095 152 0.00043799999999999997 5.475199999999999
1096 151 0.0004384 5.4288
1097 150 0.0004388 5.3824
1098 151 0.0004392 5.4288
1099 151 0.0004396 5.4288
1100 149 0.00043999999999999996 5.335999999999999
1101 150 0.00044039999999999997 5.3824
1102 151 0.0004408 5.4288
1103 150 0.0004412 5.3824
1104 150 0.0004416 5.3824
1105 149 0.00044199999999999996 5.335999999999999
1106 149 0.00044239999999999997 5.335999999999999
1107 147 0.0004428 5.2432
1108 149 0.0004432 5.335999999999999
1109 147 0.0004436 5.2432
1110 147 0.000444 5.2432
1111 145 0.00044439999999999996 5.150399999999999
1112 146 0.00044479999999999997 5.1968
1113 145 0.0004452 5.150399999999999
1114 146 0.0004456 5.1968
1115 144 0.000446 5.103999999999999
1116 145 0.00044639999999999995 5.150399999999999
1117 143 0.00044679999999999996 5.0576
1118 145 0.0004472 5.150399999999999
1119 142 0.0004476 5.0112
1120 145 0.000448 5.150399999999999
1121 142 0.0004484 5.0112
1122 143 0.00044879999999999996 5.0576
1123 142 0.00044919999999999997 5.0112
1124 145 0.0004496 5.150399999999999
1125 142 0.00045 5.0112
1126 142 0.0004504 5.0112
1127 141 0.00045079999999999995 4.964799999999999
1128 141 0.00045119999999999996 4.964799999999999
1129 141 0.00045159999999999997 4.964799999999999
1130 140 0.000452 4.9184
1131 138 0.0004524 4.8256
1132 139 0.0004528 4.872
1133 139 0.00045319999999999996 4.872
1134 138 0.00045359999999999997 4.8256
1135 138 0.000454 4.8256
1136 137 0.0004544 4.7791999999999994
1137 137 0.0004548 4.7791999999999994
1138 135 0.0004552 4.6864
1139 139 0.00045559999999999996 4.872
1140 137 0.00045599999999999997 4.7791999999999994
1141 138 0.0004564 4.8256
1142 135 0.0004568 4.6864
1143 136 0.0004572 4.732799999999999
1144 132 0.00045759999999999996 4.5472
1145 134 0.00045799999999999997 4.64
1146 134 0.0004584 4.64
1147 135 0.0004588 4.6864
1148 133 0.0004592 4.5935999999999995
1149 131 0.0004596 4.5008
1150 132 0.00045999999999999996 4.5472
1151 132 0.00046039999999999997 4.5472
1152 131 0.0004608 4.5008
1153 133 0.0004612 4.5935999999999995
1154 131 0.0004616 4.5008
1155 130 0.00046199999999999995 4.4544
1156 132 0.00046239999999999996 4.5472
1157 131 0.0004628 4.5008
1158 128 0.0004632 4.361599999999999
1159 130 0.0004636 4.4544
1160 128 0.000464 4.361599999999999
1161 129 0.00046439999999999996 4.4079999999999995
1162 128 0.00046479999999999997 4.361599999999999
1163 129 0.0004652 4.4079999999999995
1164 128 0.0004656 4.361599999999999
1165 127 0.000466 4.3152
1166 129 0.00046639999999999995 4.4079999999999995
1167 126 0.00046679999999999996 4.2688
1168 126 0.00046719999999999997 4.2688
1169 124 0.0004676 4.176
1170 123 0.000468 4.1296
1171 123 0.0004684 4.1296
1172 124 0.00046879999999999996 4.176
1173 122 0.00046919999999999997 4.0832
1174 122 0.0004696 4.0832
1175 123 0.00047 4.1296
1176 124 0.0004704 4.176
1177 121 0.0004708 4.0367999999999995
1178 122 0.00047119999999999996 4.0832
1179 122 0.00047159999999999997 4.0832
1180 122 0.000472 4.0832
1181 119 0.0004724 3.944
1182 121 0.0004728 4.0367999999999995
1183 119 0.00047319999999999996 3.944
1184 121 0.00047359999999999997 4.0367999999999995
1185 121 0.000474 4.0367999999999995
1186 119 0.0004744 3.944
1187 118 0.0004748 3.8975999999999997
1188 120 0.0004752 3.9903999999999997
1189 117 0.00047559999999999996 3.8511999999999995
1190 120 0.00047599999999999997 3.9903999999999997
1191 116 0.0004764 3.8047999999999997
1192 115 0.0004768 3.7584
1193 116 0.0004772 3.8047999999999997
1194 116 0.00047759999999999995 3.8047999999999997
1195 116 0.00047799999999999996 3.8047999999999997
1196 114 0.0004784 3.7119999999999997
1197 116 0.0004788 3.8047999999999997
1198 115 0.0004792 3.7584
1199 113 0.0004796 3.6655999999999995
1200 113 0.00047999999999999996 3.6655999999999995
1201 116 0.00048039999999999997 3.8047999999999997
1202 112 0.0004808 3.6191999999999998
1203 115 0.0004812 3.7584
1204 114 0.0004816 3.7119999999999997
1205 112 0.00048199999999999995 3.6191999999999998
1206 111 0.00048239999999999996 3.5728
1207 114 0.00048279999999999997 3.7119999999999997
1208 110 0.0004832 3.5263999999999998
1209 111 0.0004836 3.5728
1210 108 0.000484 3.4335999999999998
1211 111 0.00048439999999999996 3.5728
1212 109 0.00048479999999999997 3.4799999999999995
1213 110 0.0004852 3.5263999999999998
1214 109 0.0004856 3.4799999999999995
1215 110 0.000486 3.5263999999999998
1216 107 0.0004864 3.3872
1217 111 0.00048679999999999996 3.5728
1218 106 0.00048719999999999997 3.3407999999999998
1219 107 0.0004876 3.3872
1220 105 0.000488 3.2943999999999996
1221 106 0.0004883999999999999 3.3407999999999998
1222 104 0.0004888 3.2479999999999998
1223 107 0.0004892 3.3872
1224 104 0.0004896 3.2479999999999998
1225 106 0.00049 3.3407999999999998
1226 104 0.0004904 3.2479999999999998
1227 105 0.0004908 3.2943999999999996
1228 105 0.0004912 3.2943999999999996
1229 102 0.0004916 3.1552
1230 104 0.0004919999999999999 3.2479999999999998
1231 103 0.0004923999999999999 3.2016
1232 101 0.0004927999999999999 3.1087999999999996
1233 100 0.0004932 3.0624
1234 102 0.0004936 3.1552
1235 101 0.000494 3.1087999999999996
1236 100 0.0004944 3.0624
1237 99 0.0004948 3.016
1238 101 0.0004952 3.1087999999999996
1239 99 0.0004956 3.016
1240 99 0.000496 3.016
1241 99 0.0004964 3.016
1242 100 0.0004967999999999999 3.0624
1243 99 0.0004971999999999999 3.016
1244 97 0.0004976 2.9231999999999996
1245 98 0.000498 2.9696
1246 98 0.0004984 2.9696
1247 97 0.0004988 2.9231999999999996
1248 98 0.0004992 2.9696
1249 96 0.0004996 2.8768
1250 99 0.0005 3.016
1251 96 0.0005004 2.8768
1252 97 0.0005008 2.9231999999999996
1253 93 0.0005011999999999999 2.7375999999999996
1254 95 0.0005015999999999999 2.8304
1255 95 0.000502 2.8304
1256 95 0.0005024 2.8304
1257 93 0.0005028 2.7375999999999996
1258 95 0.0005032 2.8304
1259 93 0.0005036 2.7375999999999996
1260 93 0.000504 2.7375999999999996
1261 93 0.0005044 2.7375999999999996
1262 93 0.0005048 2.7375999999999996
1263 93 0.0005052 2.7375999999999996
1264 93 0.0005055999999999999 2.7375999999999996
1265 91 0.0005059999999999999 2.6448
1266 90 0.0005064 2.5984
1267 92 0.0005068 2.6912
1268 90 0.0005072 2.5984
1269 88 0.0005076 2.5056
1270 88 0.000508 2.5056
1271 89 0.0005084 2.5519999999999996
1272 88 0.0005088 2.5056
1273 87 0.0005092 2.4592
1274 88 0.0005096 2.5056
1275 88 0.0005099999999999999 2.5056
1276 88 0.0005103999999999999 2.5056
1277 87 0.0005108 2.4592
1278 87 0.0005112 2.4592
1279 87 0.0005116 2.4592
1280 85 0.000512 2.3663999999999996
1281 86 0.0005124 2.4128
1282 84 0.0005128 2.32
1283 85 0.0005132 2.3663999999999996
1284 85 0.0005136 2.3663999999999996
1285 84 0.000514 2.32
1286 84 0.0005143999999999999 2.32
1287 83 0.0005147999999999999 2.2736
1288 83 0.0005152 2.2736
1289 85 0.0005156 2.3663999999999996
1290 82 0.000516 2.2272
1291 83 0.0005164 2.2736
1292 81 0.0005168 2.1807999999999996
1293 83 0.0005172 2.2736
1294 81 0.0005176 2.1807999999999996
1295 80 0.000518 2.1344
1296 83 0.0005184 2.2736
1297 80 0.0005187999999999999 2.1344
1298 80 0.0005191999999999999 2.1344
1299 81 0.0005195999999999999 2.1807999999999996
1300 81 0.00052 2.1807999999999996
1301 79 0.0005204 2.088
1302 80 0.0005208 2.1344
1303 80 0.0005212 2.1344
1304 80 0.0005216 2.1344
1305 79 0.000522 2.088
1306 79 0.0005224 2.088
1307 78 0.0005228 2.0416
1308 79 0.0005231999999999999 2.088
1309 77 0.0005235999999999999 1.9951999999999999
1310 78 0.0005239999999999999 2.0416
1311 76 0.0005244 1.9487999999999999
1312 80 0.0005248 2.1344
1313 76 0.0005252 1.9487999999999999
1314 79 0.0005256 2.088
1315 75 0.000526 1.9023999999999999
1316 77 0.0005264 1.9951999999999999
1317 76 0.0005268 1.9487999999999999
1318 76 0.0005272 1.9487999999999999
1319 74 0.0005275999999999999 1.8559999999999999
1320 75 0.0005279999999999999 1.9023999999999999
1321 75 0.0005283999999999999 1.9023999999999999
1322 75 0.0005288 1.9023999999999999
1323 74 0.0005292 1.8559999999999999
1324 76 0.0005296 1.9487999999999999
1325 73 0.00053 1.8095999999999999
1326 75 0.0005304 1.9023999999999999
1327 73 0.0005308 1.8095999999999999
1328 73 0.0005312 1.8095999999999999
1329 73 0.0005316 1.8095999999999999
1330 72 0.000532 1.7631999999999999
1331 71 0.0005323999999999999 1.7167999999999999
1332 70 0.0005327999999999999 1.6703999999999999
1333 73 0.0005332 1.8095999999999999
1334 72 0.0005336 1.7631999999999999
1335 70 0.000534 1.6703999999999999
1336 71 0.0005344 1.7167999999999999
1337 72 0.0005348 1.7631999999999999
1338 69 0.0005352 1.6239999999999999
1339 72 0.0005356 1.7631999999999999
1340 67 0.000536 1.5312
1341 70 0.0005364 1.6703999999999999
1342 67 0.0005367999999999999 1.5312
1343 68 0.0005371999999999999 1.5776
1344 68 0.0005376 1.5776
1345 70 0.000538 1.6703999999999999
1346 69 0.0005384 1.6239999999999999
1347 70 0.0005388 1.6703999999999999
1348 68 0.0005392 1.5776
1349 68 0.0005396 1.5776
1350 67 0.00054 1.5312
1351 68 0.0005404 1.5776
1352 66 0.0005408 1.4848
1353 67 0.0005411999999999999 1.5312
1354 67 0.0005415999999999999 1.5312
1355 67 0.000542 1.5312
1356 63 0.0005424 1.3456
1357 66 0.0005428 1.4848
1358 63 0.0005432 1.3456
1359 64 0.0005436 1.392
1360 65 0.000544 1.4384
1361 66 0.0005444 1.4848
1362 67 0.0005448 1.5312
1363 66 0.0005452 1.4848
1364 66 0.0005455999999999999 1.4848
1365 64 0.0005459999999999999 1.392
1366 65 0.0005463999999999999 1.4384
1367 64 0.0005468 1.392
1368 64 0.0005472 1.392
1369 62 0.0005476 1.2992
1370 64 0.000548 1.392
1371 62 0.0005484 1.2992
1372 61 0.0005488 1.2528
1373 63 0.0005492 1.3456
1374 63 0.0005496 1.3456
1375 60 0.0005499999999999999 1.2064
1376 61 0.0005503999999999999 1.2528
1377 60 0.0005507999999999999 1.2064
1378 62 0.0005512 1.2992
1379 61 0.0005516 1.2528
1380 62 0.000552 1.2992
1381 59 0.0005524 1.16
1382 61 0.0005528 1.2528
1383 60 0.0005532 1.2064
1384 63 0.0005536 1.3456
1385 58 0.000554 1.1136
1386 61 0.0005543999999999999 1.2528
1387 58 0.0005547999999999999 1.1136
1388 60 0.0005551999999999999 1.2064
1389 59 0.0005556 1.16
1390 59 0.000556 1.16
1391 57 0.0005564 1.0672
1392 59 0.0005568 1.16
1393 56 0.0005572 1.0208
1394 56 0.0005576 1.0208
1395 59 0.000558 1.16
1396 56 0.0005584 1.0208
1397 57 0.0005587999999999999 1.0672
1398 56 0.0005591999999999999 1.0208
1399 58 0.0005595999999999999 1.1136
1400 57 0.00056 1.0672
1401 57 0.0005604 1.0672
1402 58 0.0005608 1.1136
1403 55 0.0005612 0.9743999999999999
1404 55 0.0005616 0.9743999999999999
1405 57 0.000562 1.0672
1406 56 0.0005624 1.0208
1407 56 0.0005628 1.0208
1408 53 0.0005632 0.8815999999999999
1409 54 0.0005635999999999999 0.9279999999999999
1410 54 0.0005639999999999999 0.9279999999999999
1411 56 0.0005644 1.0208
1412 54 0.0005648 0.9279999999999999
1413 55 0.0005652 0.9743999999999999
1414 55 0.0005656 0.9743999999999999
1415 55 0.000566 0.9743999999999999
1416 52 0.0005664 0.8351999999999999
1417 54 0.0005668 0.9279999999999999
1418 53 0.0005672 0.8815999999999999
1419 53 0.0005676 0.8815999999999999
1420 53 0.0005679999999999999 0.8815999999999999
1421 55 0.0005683999999999999 0.9743999999999999
1422 52 0.0005688 0.8351999999999999
1423 55 0.0005692 0.9743999999999999
1424 53 0.0005696 0.8815999999999999
1425 53 0.00057 0.8815999999999999
1426 52 0.0005704 0.8351999999999999
1427 51 0.0005708 0.7888
1428 52 0.0005712 0.8351999999999999
1429 51 0.0005716 0.7888
1430 51 0.000572 0.7888
1431 53 0.0005723999999999999 0.8815999999999999
1432 52 0.0005727999999999999 0.8351999999999999
1433 51 0.0005732 0.7888
1434 50 0.0005736 0.7424
1435 50 0.000574 0.7424
1436 51 0.0005744 0.7888
1437 48 0.0005748 0.6496
1438 51 0.0005752 0.7888
1439 48 0.0005756 0.6496
1440 51 0.000576 0.7888
1441 47 0.0005764 0.6032
1442 49 0.0005767999999999999 0.696
1443 48 0.0005771999999999999 0.6496
1444 51 0.0005775999999999999 0.7888
1445 47 0.000578 0.6032
1446 50 0.0005784 0.7424
1447 48 0.0005788 0.6496
1448 48 0.0005792 0.6496
1449 48 0.0005796 0.6496
1450 50 0.00058 0.7424
1451 47 0.0005804 0.6032
1452 48 0.0005808 0.6496
1453 47 0.0005811999999999999 0.6032
1454 49 0.0005815999999999999 0.696
1455 45 0.0005819999999999999 0.5104
1456 49 0.0005824 0.696
1457 46 0.0005828 0.5568
1458 47 0.0005832 0.6032
1459 46 0.0005836 0.5568
1460 48 0.000584 0.6496
1461 47 0.0005844 0.6032
1462 45 0.0005848 0.5104
1463 47 0.0005852 0.6032
1464 47 0.0005855999999999999 0.6032
1465 48 0.0005859999999999999 0.6496
1466 44 0.0005863999999999999 0.46399999999999997
1467 44 0.0005868 0.46399999999999997
1468 45 0.0005872 0.5104
1469 46 0.0005876 0.5568
1470 44 0.000588 0.46399999999999997
1471 44 0.0005884 0.46399999999999997
1472 45 0.0005888 0.5104
1473 46 0.0005892 0.5568
1474 44 0.0005896 0.46399999999999997
1475 47 0.0005899999999999999 0.6032
1476 42 0.0005903999999999999 0.3712
1477 45 0.0005907999999999999 0.5104
1478 43 0.0005912 0.41759999999999997
1479 46 0.0005916 0.5568
1480 44 0.000592 0.46399999999999997
1481 44 0.0005924 0.46399999999999997
1482 45 0.0005928 0.5104
1483 46 0.0005932 0.5568
1484 44 0.0005936 0.46399999999999997
1485 44 0.000594 0.46399999999999997
1486 44 0.0005943999999999999 0.46399999999999997
1487 46 0.0005947999999999999 0.5568
1488 43 0.0005951999999999999 0.41759999999999997
1489 45 0.0005956 0.5104
1490 43 0.000596 0.41759999999999997
1491 45 0.0005964 0.5104
1492 43 0.0005968 0.41759999999999997
1493 44 0.0005972 0.46399999999999997
1494 44 0.0005976 0.46399999999999997
1495 42 0.000598 0.3712
1496 42 0.0005984 0.3712
1497 43 0.0005988 0.41759999999999997
1498 44 0.0005991999999999999 0.46399999999999997
1499 42 0.0005995999999999999 0.3712
1500 43 0.0006 0.41759999999999997
1501 43 0.0006004 0.41759999999999997
1502 44 0.0006008 0.46399999999999997
1503 42 0.0006012 0.3712
1504 42 0.0006016 0.3712
1505 41 0.000602 0.3248
1506 43 0.0006024 0.41759999999999997
1507 41 0.0006028 0.3248
1508 41 0.0006032 0.3248
1509 42 0.0006035999999999999 0.3712
1510 44 0.0006039999999999999 0.46399999999999997
1511 43 0.0006044 0.41759999999999997
1512 43 0.0006048 0.41759999999999997
1513 41 0.0006052 0.3248
1514 42 0.0006056 0.3712
1515 41 0.000606 0.3248
1516 41 0.0006064 0.3248
1517 41 0.0006068 0.3248
1518 43 0.0006072 0.41759999999999997
1519 39 0.0006076 0.23199999999999998
1520 42 0.0006079999999999999 0.3712
1521 42 0.0006083999999999999 0.3712
1522 43 0.0006087999999999999 0.41759999999999997
1523 39 0.0006092 0.23199999999999998
1524 42 0.0006096 0.3712
1525 41 0.00061 0.3248
1526 40 0.0006104 0.2784
1527 40 0.0006108 0.2784
1528 41 0.0006112 0.3248
1529 38 0.0006116 0.1856
1530 40 0.000612 0.2784
1531 41 0.0006123999999999999 0.3248
1532 40 0.0006127999999999999 0.2784
1533 39 0.0006131999999999999 0.23199999999999998
1534 40 0.0006136 0.2784
1535 42 0.000614 0.3712
1536 40 0.0006144 0.2784
1537 41 0.0006148 0.3248
1538 38 0.0006152 0.1856
1539 40 0.0006156 0.2784
1540 38 0.000616 0.1856
1541 39 0.0006164 0.23199999999999998
1542 39 0.0006167999999999999 0.23199999999999998
1543 40 0.0006171999999999999 0.2784
1544 39 0.0006175999999999999 0.23199999999999998
1545 39 0.000618 0.23199999999999998
1546 39 0.0006184 0.23199999999999998
1547 40 0.0006188 0.2784
1548 39 0.0006192 0.23199999999999998
1549 41 0.0006196 0.3248
1550 38 0.00062 0.1856
1551 40 0.0006204 0.2784
1552 39 0.0006208 0.23199999999999998
1553 40 0.0006211999999999999 0.2784
1554 37 0.0006215999999999999 0.1392
1555 40 0.0006219999999999999 0.2784
1556 38 0.0006224 0.1856
1557 39 0.0006228 0.23199999999999998
1558 40 0.0006232 0.2784
1559 39 0.0006236 0.23199999999999998
1560 39 0.000624 0.23199999999999998
1561 39 0.0006244 0.23199999999999998
1562 39 0.0006248 0.23199999999999998
1563 37 0.0006252 0.1392
1564 38 0.0006255999999999999 0.1856
1565 37 0.0006259999999999999 0.1392
1566 36 0.0006263999999999999 0.0928
1567 38 0.0006268 0.1856
1568 39 0.0006272 0.23199999999999998
1569 36 0.0006276 0.0928
1570 39 0.000628 0.23199999999999998
1571 39 0.0006284 0.23199999999999998
1572 39 0.0006288 0.23199999999999998
1573 39 0.0006292 0.23199999999999998
1574 40 0.0006296 0.2784
1575 39 0.0006299999999999999 0.23199999999999998
1576 40 0.0006303999999999999 0.2784
1577 37 0.0006307999999999999 0.1392
1578 39 0.0006312 0.23199999999999998
1579 37 0.0006316 0.1392
1580 39 0.000632 0.23199999999999998
1581 37 0.0006324 0.1392
1582 38 0.0006328 0.1856
1583 38 0.0006332 0.1856
1584 38 0.0006336 0.1856
1585 36 0.000634 0.0928
1586 38 0.0006344 0.1856
1587 37 0.0006347999999999999 0.1392
1588 37 0.0006351999999999999 0.1392
1589 36 0.0006355999999999999 0.0928
1590 39 0.000636 0.23199999999999998
1591 38 0.0006364 0.1856
1592 36 0.0006368 0.0928
1593 38 0.0006372 0.1856
1594 37 0.0006376 0.1392
1595 35 0.000638 0.0464
1596 37 0.0006384 0.1392
1597 39 0.0006388 0.23199999999999998
1598 36 0.0006391999999999999 0.0928
1599 40 0.0006395999999999999 0.2784
1600 37 0.0006399999999999999 0.1392
1601 38 0.0006404 0.1856
1602 36 0.0006408 0.0928
1603 38 0.0006412 0.1856
1604 37 0.0006416 0.1392
1605 37 0.000642 0.1392
1606 35 0.0006424 0.0464
1607 37 0.0006428 0.1392
1608 36 0.0006432 0.0928
1609 39 0.0006435999999999999 0.23199999999999998
1610 38 0.0006439999999999999 0.1856
1611 39 0.0006443999999999999 0.23199999999999998
1612 37 0.0006448 0.1392
1613 38 0.0006452 0.1856
1614 38 0.0006456 0.1856
1615 37 0.000646 0.1392
1616 35 0.0006464 0.0464
1617 37 0.0006468 0.1392
1618 36 0.0006472 0.0928
1619 39 0.0006476 0.23199999999999998
1620 36 0.0006479999999999999 0.0928
1621 40 0.0006483999999999999 0.2784
1622 37 0.0006487999999999999 0.1392
1623 36 0.0006492 0.0928
1624 37 0.0006496 0.1392
1625 37 0.00065 0.1392
1626 36 0.0006504 0.0928
1627 36 0.0006508 0.0928
1628 35 0.0006512 0.0464
1629 34 0.0006516 0.0
1630 37 0.000652 0.1392
1631 35 0.0006523999999999999 0.0464
1632 35 0.0006527999999999999 0.0464
1633 38 0.0006531999999999999 0.1856
1634 37 0.0006536 0.1392
1635 37 0.000654 0.1392
1636 36 0.0006544 0.0928
1637 37 0.0006548 0.1392
1638 38 0.0006552 0.1856
1639 36 0.0006556 0.0928
1640 38 0.000656 0.1856
1641 36 0.0006564 0.0928
1642 37 0.0006567999999999999 0.1392
1643 35 0.0006571999999999999 0.0464
1644 36 0.0006575999999999999 0.0928
1645 36 0.000658 0.0928
1646 37 0.0006584 0.1392
1647 37 0.0006588 0.1392
1648 38 0.0006592 0.1856
1649 37 0.0006596 0.1392
1650 38 0.00066 0.1856
1651 36 0.0006604 0.0928
1652 36 0.0006608 0.0928
1653 36 0.0006611999999999999 0.0928
1654 39 0.0006615999999999999 0.23199999999999998
1655 36 0.0006619999999999999 0.0928
1656 35 0.0006624 0.0464
1657 36 0.0006628 0.0928
1658 38 0.0006632 0.1856
1659 37 0.0006636 0.1392
1660 37 0.000664 0.1392
1661 36 0.0006644 0.0928
1662 38 0.0006648 0.1856
1663 37 0.0006652 0.1392
1664 34 0.0006655999999999999 0.0
1665 34 0.0006659999999999999 0.0
1666 35 0.0006663999999999999 0.0464
1667 38 0.0006667999999999999 0.1856
1668 36 0.0006672 0.0928
1669 35 0.0006676 0.0464
1670 36 0.000668 0.0928
1671 38 0.0006684 0.1856
1672 35 0.0006688 0.0464
1673 37 0.0006692 0.1392
1674 35 0.0006696 0.0464
1675 37 0.00067 0.1392
1676 34 0.0006703999999999999 0.0
1677 36 0.0006707999999999999 0.0928
1678 38 0.0006711999999999999 0.1856
1679 38 0.0006716 0.1856
1680 36 0.000672 0.0928
1681 38 0.0006724 0.1856
1682 36 0.0006728 0.0928
1683 37 0.0006732 0.1392
1684 35 0.0006736 0.0464
1685 36 0.000674 0.0928
1686 35 0.0006744 0.0464
1687 37 0.0006747999999999999 0.1392
1688 35 0.0006751999999999999 0.0464
1689 38 0.0006755999999999999 0.1856
1690 36 0.000676 0.0928
1691 35 0.0006764 0.0464
1692 37 0.0006768 0.1392
1693 36 0.0006772 0.0928
1694 36 0.0006776 0.0928
1695 36 0.000678 0.0928
1696 38 0.0006784 0.1856
1697 35 0.0006788 0.0464
1698 37 0.0006791999999999999 0.1392
1699 37 0.0006795999999999999 0.1392
1700 37 0.0006799999999999999 0.1392
1701 35 0.0006804 0.0464
1702 37 0.0006808 0.1392
1703 35 0.0006812 0.0464
1704 36 0.0006816 0.0928
1705 34 0.000682 0.0
1706 34 0.0006824 0.0
1707 36 0.0006828 0.0928
1708 37 0.0006832 0.1392
1709 36 0.0006835999999999999 0.0928
1710 38 0.0006839999999999999 0.1856
1711 35 0.0006843999999999999 0.0464
1712 38 0.0006848 0.1856
1713 34 0.0006852 0.0
1714 37 0.0006856 0.1392
1715 35 0.000686 0.0464
1716 36 0.0006864 0.0928
1717 37 0.0006868 0.1392
1718 37 0.0006872 0.1392
1719 35 0.0006876 0.0464
1720 37 0.0006879999999999999 0.1392
1721 35 0.0006883999999999999 0.0464
1722 35 0.0006887999999999999 0.0464
1723 35 0.0006892 0.0464
1724 36 0.0006896 0.0928
1725 36 0.00069 0.0928
1726 36 0.0006904 0.0928
1727 33 0.0006908 -0.0464
1728 35 0.0006912 0.0464
1729 36 0.0006916 0.0928
1730 35 0.000692 0.0464
1731 37 0.0006923999999999999 0.1392
1732 34 0.0006927999999999999 0.0
1733 37 0.0006931999999999999 0.1392
1734 36 0.0006935999999999999 0.0928
1735 36 0.000694 0.0928
1736 36 0.0006944 0.0928
1737 37 0.0006948 0.1392
1738 35 0.0006952 0.0464
1739 36 0.0006956 0.0928
1740 37 0.000696 0.1392
1741 37 0.0006964 0.1392
1742 36 0.0006967999999999999 0.0928
1743 36 0.0006971999999999999 0.0928
1744 37 0.0006975999999999999 0.1392
1745 37 0.0006979999999999999 0.1392
1746 35 0.0006984 0.0464
1747 36 0.0006988 0.0928
1748 36 0.0006992 0.0928
1749 36 0.0006996 0.0928
1750 35 0.0007 0.0464
1751 38 0.0007004 0.1856
1752 35 0.0007008 0.0464
1753 37 0.0007012 0.1392
1754 34 0.0007015999999999999 0.0
1755 36 0.0007019999999999999 0.0928
1756 34 0.0007023999999999999 0.0
1757 36 0.0007028 0.0928
1758 36 0.0007032 0.0928
1759 38 0.0007036 0.1856
1760 36 0.000704 0.0928
1761 35 0.0007044 0.0464
1762 37 0.0007048 0.1392
1763 35 0.0007052 0.0464
1764 34 0.0007056 0.0
1765 36 0.0007059999999999999 0.0928
1766 36 0.0007063999999999999 0.0928
1767 35 0.0007067999999999999 0.0464
1768 35 0.0007072 0.0464
1769 35 0.0007076 0.0464
1770 37 0.000708 0.1392
1771 36 0.0007084 0.0928
1772 36 0.0007088 0.0928
1773 35 0.0007092 0.0464
1774 38 0.0007096 0.1856
1775 34 0.00071 0.0
1776 37 0.0007103999999999999 0.1392
1777 35 0.0007107999999999999 0.0464
1778 35 0.0007111999999999999 0.0464
1779 35 0.0007116 0.0464
1780 37 0.000712 0.1392
1781 35 0.0007124 0.0464
1782 37 0.0007128 0.1392
1783 35 0.0007132 0.0464
1784 38 0.0007136 0.1856
1785 34 0.000714 0.0
1786 35 0.0007144 0.0464
1787 33 0.0007147999999999999 -0.0464
1788 35 0.0007151999999999999 0.0464
1789 35 0.0007155999999999999 0.0464
1790 34 0.000716 0.0
1791 35 0.0007164 0.0464
1792 35 0.0007168 0.0464
1793 36 0.0007172 0.0928
1794 35 0.0007176 0.0464
1795 39 0.000718 0.23199999999999998
1796 36 0.0007184 0.0928
1797 36 0.0007188 0.0928
1798 37 0.0007191999999999999 0.1392
1799 38 0.0007195999999999999 0.1856
1800 35 0.0007199999999999999 0.0464
1801 37 0.0007204 0.1392
1802 35 0.0007208 0.0464
1803 36 0.0007212 0.0928
1804 36 0.0007216 0.0928
1805 35 0.000722 0.0464
1806 36 0.0007224 0.0928
1807 39 0.0007228 0.23199999999999998
1808 36 0.0007232 0.0928
1809 38 0.0007235999999999999 0.1856
1810 36 0.0007239999999999999 0.0928
1811 37 0.0007243999999999999 0.1392
1812 35 0.0007247999999999999 0.0464
1813 37 0.0007252 0.1392
1814 35 0.0007256 0.0464
1815 36 0.000726 0.0928
1816 35 0.0007264 0.0464
1817 36 0.0007268 0.0928
1818 36 0.0007272 0.0928
1819 36 0.0007276 0.0928
1820 35 0.0007279999999999999 0.0464
1821 37 0.0007283999999999999 0.1392
1822 35 0.0007287999999999999 0.0464
1823 36 0.0007291999999999999 0.0928
1824 36 0.0007296 0.0928
1825 35 0.00073 0.0464
1826 34 0.0007304 0.0
1827 34 0.0007308 0.0
1828 37 0.0007312 0.1392
1829 36 0.0007316 0.0928
1830 36 0.000732 0.0928
1831 36 0.0007323999999999999 0.0928
1832 39 0.0007327999999999999 0.23199999999999998
1833 36 0.0007331999999999999 0.0928
1834 37 0.0007335999999999999 0.1392
1835 35 0.000734 0.0464
1836 35 0.0007344 0.0464
1837 35 0.0007348 0.0464
1838 36 0.0007352 0.0928
1839 34 0.0007356 0.0
1840 35 0.000736 0.0464
1841 35 0.0007364 0.0464
1842 36 0.0007368 0.0928
1843 36 0.0007371999999999999 0.0928
1844 37 0.0007375999999999999 0.1392
1845 37 0.0007379999999999999 0.1392
1846 36 0.0007384 0.0928
1847 35 0.0007388 0.0464
1848 36 0.0007392 0.0928
1849 35 0.0007396 0.0464
1850 37 0.00074 0.1392
1851 35 0.0007404 0.0464
1852 36 0.0007408 0.0928
1853 36 0.0007412 0.0928
1854 36 0.0007415999999999999 0.0928
1855 35 0.0007419999999999999 0.0464
1856 36 0.0007423999999999999 0.0928
1857 37 0.0007428 0.1392
1858 35 0.0007432 0.0464
1859 36 0.0007436 0.0928
1860 34 0.000744 0.0
1861 35 0.0007444 0.0464
1862 35 0.0007448 0.0464
1863 32 0.0007452 -0.0928
1864 35 0.0007456 0.0464
1865 36 0.0007459999999999999 0.0928
1866 36 0.0007463999999999999 0.0928
1867 35 0.0007467999999999999 0.0464
1868 36 0.0007472 0.0928
1869 35 0.0007476 0.0464
1870 36 0.000748 0.0928
1871 36 0.0007484 0.0928
1872 35 0.0007488 0.0464
1873 36 0.0007492 0.0928
1874 35 0.0007496 0.0464
1875 36 0.00075 0.0928
1876 36 0.0007503999999999999 0.0928
1877 36 0.0007507999999999999 0.0928
1878 35 0.0007511999999999999 0.0464
1879 36 0.0007516 0.0928
1880 34 0.000752 0.0
1881 36 0.0007524 0.0928
1882 36 0.0007528 0.0928
1883 38 0.0007532 0.1856
1884 34 0.0007536 0.0
1885 37 0.000754 0.1392
1886 36 0.0007544 0.0928
1887 37 0.0007547999999999999 0.1392
1888 35 0.0007551999999999999 0.0464
1889 33 0.0007555999999999999 -0.0464
1890 36 0.0007559999999999999 0.0928
1891 36 0.0007564 0.0928
1892 35 0.0007568 0.0464
1893 36 0.0007572 0.0928
1894 37 0.0007576 0.1392
1895 36 0.000758 0.0928
1896 36 0.0007584 0.0928
1897 36 0.0007588 0.0928
1898 36 0.0007591999999999999 0.0928
1899 35 0.0007595999999999999 0.0464
1900 36 0.0007599999999999999 0.0928
1901 37 0.0007603999999999999 0.1392
1902 38 0.0007608 0.1856
1903 36 0.0007612 0.0928
1904 36 0.0007616 0.0928
1905 35 0.000762 0.0464
1906 36 0.0007624 0.0928
1907 35 0.0007628 0.0464
1908 38 0.0007632 0.1856
1909 35 0.0007635999999999999 0.0464
1910 36 0.0007639999999999999 0.0928
1911 35 0.0007643999999999999 0.0464
1912 37 0.0007647999999999999 0.1392
1913 35 0.0007652 0.0464
1914 36 0.0007656 0.0928
1915 36 0.000766 0.0928
1916 37 0.0007664 0.1392
1917 36 0.0007668 0.0928
1918 38 0.0007672 0.1856
1919 35 0.0007676 0.0464
1920 35 0.000768 0.0464
1921 34 0.0007683999999999999 0.0
1922 36 0.0007687999999999999 0.0928
1923 35 0.0007691999999999999 0.0464
1924 35 0.0007696 0.0464
1925 33 0.00077 -0.0464
1926 35 0.0007704 0.0464
1927 37 0.0007708 0.1392
1928 34 0.0007712 0.0
1929 35 0.0007716 0.0464
1930 34 0.000772 0.0
1931 37 0.0007724 0.1392
1932 34 0.0007727999999999999 0.0
1933 36 0.0007731999999999999 0.0928
1934 34 0.0007735999999999999 0.0
1935 36 0.000774 0.0928
1936 35 0.0007744 0.0464
1937 35 0.0007748 0.0464
1938 34 0.0007752 0.0
1939 35 0.0007756 0.0464
1940 35 0.000776 0.0464
1941 37 0.0007764 0.1392
1942 36 0.0007768 0.0928
1943 38 0.0007771999999999999 0.1856
1944 36 0.0007775999999999999 0.0928
1945 36 0.0007779999999999999 0.0928
1946 35 0.0007784 0.0464
1947 35 0.0007788 0.0464
1948 34 0.0007792 0.0
1949 36 0.0007796 0.0928
1950 36 0.00078 0.0928
1951 36 0.0007804 0.0928
1952 36 0.0007808 0.0928
1953 37 0.0007812 0.1392
1954 34 0.0007815999999999999 0.0
1955 36 0.0007819999999999999 0.0928
1956 37 0.0007823999999999999 0.1392
1957 37 0.0007827999999999999 0.1392
1958 38 0.0007832 0.1856
1959 36 0.0007836 0.0928
1960 36 0.000784 0.0928
1961 35 0.0007844 0.0464
1962 33 0.0007848 -0.0464
1963 35 0.0007852 0.0464
1964 36 0.0007856 0.0928
1965 36 0.0007859999999999999 0.0928
1966 34 0.0007863999999999999 0.0
1967 35 0.0007867999999999999 0.0464
1968 36 0.0007871999999999999 0.0928
1969 35 0.0007876 0.0464
1970 37 0.000788 0.1392
1971 36 0.0007884 0.0928
1972 36 0.0007888 0.0928
1973 35 0.0007892 0.0464
1974 36 0.0007896 0.0928
1975 35 0.00079 0.0464
1976 37 0.0007903999999999999 0.1392
1977 36 0.0007907999999999999 0.0928
1978 36 0.0007911999999999999 0.0928
1979 35 0.0007915999999999999 0.0464
1980 36 0.000792 0.0928
1981 36 0.0007924 0.0928
1982 38 0.0007928 0.1856
1983 35 0.0007932 0.0464
1984 35 0.0007936 0.0464
1985 35 0.000794 0.0464
1986 37 0.0007944 0.1392
1987 34 0.0007947999999999999 0.0
1988 36 0.0007951999999999999 0.0928
1989 35 0.0007955999999999999 0.0464
1990 36 0.0007959999999999999 0.0928
1991 34 0.0007964 0.0
1992 37 0.0007968 0.1392
1993 37 0.0007972 0.1392
1994 35 0.0007976 0.0464
1995 37 0.000798 0.1392
1996 36 0.0007984 0.0928
1997 37 0.0007988 0.1392
1998 35 0.0007991999999999999 0.0464
1999 37 0.0007995999999999999 0.1392
2000 35 0.0007999999999999999 0.0464
2001 37 0.0008003999999999999 0.1392
2002 35 0.0008008 0.0464
2003 35 0.0008012 0.0464
2004 35 0.0008016 0.0464
2005 37 0.000802 0.1392
2006 36 0.0008024 0.0928
2007 36 0.0008028 0.0928
2008 36 0.0008032 0.0928
2009 37 0.0008036 0.1392
2010 36 0.0008039999999999999 0.0928
2011 36 0.0008043999999999999 0.0928
2012 34 0.0008047999999999999 0.0
2013 37 0.0008052 0.1392
2014 35 0.0008056 0.0464
2015 37 0.000806 0.1392
2016 35 0.0008064 0.0464
2017 38 0.0008068 0.1856
2018 35 0.0008072 0.0464
2019 36 0.0008076 0.0928
2020 36 0.000808 0.0928
2021 34 0.0008083999999999999 0.0
2022 36 0.0008087999999999999 0.0928
2023 34 0.0008091999999999999 0.0
2024 34 0.0008096 0.0
2025 35 0.00081 0.0464
2026 36 0.0008104 0.0928
2027 35 0.0008108 0.0464
2028 34 0.0008112 0.0
2029 35 0.0008116 0.0464
2030 37 0.000812 0.1392
2031 35 0.0008124 0.0464
2032 36 0.0008127999999999999 0.0928
2033 35 0.0008131999999999999 0.0464
2034 37 0.0008135999999999999 0.1392
2035 35 0.0008139999999999999 0.0464
2036 35 0.0008144 0.0464
2037 35 0.0008148 0.0464
2038 36 0.0008152 0.0928
2039 36 0.0008156 0.0928
2040 36 0.000816 0.0928
2041 35 0.0008164 0.0464
2042 37 0.0008168 0.1392
2043 35 0.0008171999999999999 0.0464
2044 36 0.0008175999999999999 0.0928
2045 36 0.0008179999999999999 0.0928
2046 36 0.0008183999999999999 0.0928
2047 35 0.0008188 0.0464
2048 35 0.0008192 0.0464
2049 34 0.0008196 0.0
2050 36 0.00082 0.0928
2051 35 0.0008204 0.0464
2052 34 0.0008208 0.0
2053 34 0.0008212 0.0
2054 36 0.0008215999999999999 0.0928
2055 37 0.0008219999999999999 0.1392
2056 36 0.0008223999999999999 0.0928
2057 35 0.0008227999999999999 0.0464
2058 35 0.0008232 0.0464
2059 36 0.0008236 0.0928
2060 35 0.000824 0.0464
2061 34 0.0008244 0.0
2062 35 0.0008248 0.0464
2063 36 0.0008252 0.0928
2064 33 0.0008256 -0.0464
2065 34 0.0008259999999999999 0.0
2066 36 0.0008263999999999999 0.0928
2067 37 0.0008267999999999999 0.1392
2068 35 0.0008271999999999999 0.0464
2069 38 0.0008276 0.1856
2070 33 0.000828 -0.0464
2071 36 0.0008284 0.0928
2072 35 0.0008288 0.0464
2073 36 0.0008292 0.0928
2074 35 0.0008296 0.0464
2075 36 0.00083 0.0928
2076 34 0.0008303999999999999 0.0
2077 37 0.0008307999999999999 0.1392
2078 35 0.0008311999999999999 0.0464
2079 37 0.0008315999999999999 0.1392
2080 35 0.000832 0.0464
2081 36 0.0008324 0.0928
2082 35 0.0008328 0.0464
2083 36 0.0008332 0.0928
2084 35 0.0008336 0.0464
2085 36 0.000834 0.0928
2086 36 0.0008344 0.0928
2087 35 0.0008347999999999999 0.0464
2088 35 0.0008351999999999999 0.0464
2089 36 0.0008355999999999999 0.0928
2090 36 0.0008359999999999999 0.0928
2091 36 0.0008364 0.0928
2092 37 0.0008368 0.1392
2093 35 0.0008372 0.0464
2094 37 0.0008376 0.1392
2095 36 0.000838 0.0928
2096 37 0.0008384 0.1392
2097 36 0.0008388 0.0928
2098 37 0.0008392 0.1392
2099 35 0.0008395999999999999 0.0464
2100 36 0.0008399999999999999 0.0928
2101 35 0.0008403999999999999 0.0464
2102 36 0.0008408 0.0928
2103 34 0.0008412 0.0
2104 39 0.0008416 0.23199999999999998
2105 35 0.000842 0.0464
2106 37 0.0008424 0.1392
2107 35 0.0008428 0.0464
2108 36 0.0008432 0.0928
2109 36 0.0008436 0.0928
2110 38 0.0008439999999999999 0.1856
2111 36 0.0008443999999999999 0.0928
2112 36 0.0008447999999999999 0.0928
2113 36 0.0008451999999999999 0.0928
2114 38 0.0008456 0.1856
2115 35 0.000846 0.0464
2116 37 0.0008464 0.1392
2117 36 0.0008468 0.0928
2118 36 0.0008472 0.0928
2119 35 0.0008476 0.0464
2120 35 0.000848 0.0464
2121 35 0.0008483999999999999 0.0464
2122 36 0.0008487999999999999 0.0928
2123 33 0.0008491999999999999 -0.0464
2124 33 0.0008495999999999999 -0.0464
2125 36 0.00085 0.0928
2126 35 0.0008504 0.0464
2127 34 0.0008508 0.0
2128 35 0.0008512 0.0464
2129 37 0.0008516 0.1392
2130 36 0.000852 0.0928
2131 36 0.0008524 0.0928
2132 33 0.0008527999999999999 -0.0464
2133 37 0.0008531999999999999 0.1392
2134 34 0.0008535999999999999 0.0
2135 35 0.0008539999999999999 0.0464
2136 36 0.0008544 0.0928
2137 36 0.0008548 0.0928
2138 33 0.0008552 -0.0464
2139 35 0.0008556 0.0464
2140 36 0.000856 0.0928
2141 36 0.0008564 0.0928
2142 35 0.0008568 0.0464
2143 38 0.0008571999999999999 0.1856
2144 35 0.0008575999999999999 0.0464
2145 35 0.0008579999999999999 0.0464
2146 35 0.0008583999999999999 0.0464
2147 37 0.0008588 0.1392
2148 34 0.0008592 0.0
2149 37 0.0008596 0.1392
2150 34 0.00086 0.0
2151 35 0.0008604 0.0464
2152 35 0.0008608 0.0464
2153 37 0.0008612 0.1392
2154 36 0.0008615999999999999 0.0928
2155 37 0.0008619999999999999 0.1392
2156 37 0.0008623999999999999 0.1392
2157 36 0.0008627999999999999 0.0928
2158 37 0.0008632 0.1392
2159 34 0.0008636 0.0
2160 34 0.000864 0.0
2161 36 0.0008644 0.0928
2162 37 0.0008648 0.1392
2163 35 0.0008652 0.0464
2164 35 0.0008656 0.0464
2165 37 0.0008659999999999999 0.1392
2166 36 0.0008663999999999999 0.0928
2167 34 0.0008667999999999999 0.0
2168 36 0.0008671999999999999 0.0928
2169 36 0.0008676 0.0928
2170 36 0.000868 0.0928
2171 34 0.0008684 0.0
2172 36 0.0008688 0.0928
2173 34 0.0008692 0.0
2174 36 0.0008696 0.0928
2175 35 0.00087 0.0464
2176 36 0.0008703999999999999 0.0928
2177 36 0.0008707999999999999 0.0928
2178 36 0.0008711999999999999 0.0928
2179 34 0.0008715999999999999 0.0
2180 38 0.0008719999999999999 0.1856
2181 36 0.0008724 0.0928
2182 35 0.0008728 0.0464
2183 34 0.0008732 0.0
2184 37 0.0008736 0.1392
2185 35 0.000874 0.0464
2186 33 0.0008744 -0.0464
2187 37 0.0008748 0.1392
2188 34 0.0008751999999999999 0.0
2189 35 0.0008755999999999999 0.0464
2190 36 0.0008759999999999999 0.0928
2191 36 0.0008763999999999999 0.0928
2192 35 0.0008768 0.0464
2193 36 0.0008772 0.0928
2194 37 0.0008776 0.1392
2195 37 0.000878 0.1392
2196 35 0.0008784 0.0464
2197 36 0.0008788 0.0928
2198 35 0.0008792 0.0464
2199 37 0.0008795999999999999 0.1392
2200 35 0.0008799999999999999 0.0464
2201 34 0.0008803999999999999 0.0
2202 36 0.0008807999999999999 0.0928
2203 38 0.0008812 0.1856
2204 35 0.0008816 0.0464
2205 38 0.000882 0.1856
2206 34 0.0008824 0.0
2207 37 0.0008828 0.1392
2208 34 0.0008832 0.0
2209 38 0.0008836 0.1856
2210 35 0.0008839999999999999 0.0464
2211 35 0.0008843999999999999 0.0464
2212 35 0.0008847999999999999 0.0464
2213 38 0.0008851999999999999 0.1856
2214 35 0.0008856 0.0464
2215 38 0.000886 0.1856
2216 35 0.0008864 0.0464
2217 35 0.0008868 0.0464
2218 36 0.0008872 0.0928
2219 35 0.0008876 0.0464
2220 35 0.000888 0.0464
2221 35 0.0008883999999999999 0.0464
2222 33 0.0008887999999999999 -0.0464
2223 35 0.0008891999999999999 0.0464
2224 38 0.0008895999999999999 0.1856
2225 34 0.00089 0.0
2226 35 0.0008904 0.0464
2227 35 0.0008908 0.0464
2228 36 0.0008912 0.0928
2229 35 0.0008916 0.0464
2230 38 0.000892 0.1856
2231 36 0.0008924 0.0928
2232 35 0.0008927999999999999 0.0464
2233 35 0.0008931999999999999 0.0464
2234 34 0.0008935999999999999 0.0
2235 36 0.0008939999999999999 0.0928
2236 37 0.0008944 0.1392
2237 35 0.0008948 0.0464
2238 35 0.0008952 0.0464
2239 36 0.0008956 0.0928
2240 36 0.000896 0.0928
2241 36 0.0008964 0.0928
2242 37 0.0008968 0.1392
2243 34 0.0008971999999999999 0.0
2244 36 0.0008975999999999999 0.0928
2245 36 0.0008979999999999999 0.0928
2246 38 0.0008983999999999999 0.1856
2247 35 0.0008988 0.0464
2248 35 0.0008992 0.0464
2249 35 0.0008996 0.0464
2250 35 0.0009 0.0464
2251 35 0.0009004 0.0464
2252 37 0.0009008 0.1392
2253 37 0.0009012 0.1392
2254 37 0.0009015999999999999 0.1392
2255 36 0.0009019999999999999 0.0928
2256 36 0.0009023999999999999 0.0928
2257 37 0.0009027999999999999 0.1392
2258 35 0.0009031999999999999 0.0464
2259 36 0.0009036 0.0928
2260 34 0.000904 0.0
2261 37 0.0009044 0.1392
2262 35 0.0009048 0.0464
2263 35 0.0009052 0.0464
2264 37 0.0009056 0.1392
2265 36 0.000906 0.0928
2266 35 0.0009063999999999999 0.0464
2267 37 0.0009067999999999999 0.1392
2268 35 0.0009071999999999999 0.0464
2269 37 0.0009075999999999999 0.1392
2270 34 0.000908 0.0
2271 35 0.0009084 0.0464
2272 35 0.0009088 0.0464
2273 36 0.0009092 0.0928
2274 33 0.0009096 -0.0464
2275 37 0.00091 0.1392
2276 35 0.0009104 0.0464
2277 36 0.0009107999999999999 0.0928
2278 35 0.0009111999999999999 0.0464
2279 36 0.0009115999999999999 0.0928
2280 34 0.0009119999999999999 0.0
2281 36 0.0009124 0.0928
2282 34 0.0009128 0.0
2283 37 0.0009132 0.1392
2284 34 0.0009136 0.0
2285 35 0.000914 0.0464
2286 36 0.0009144 0.0928
2287 35 0.0009148 0.0464
2288 35 0.0009151999999999999 0.0464
2289 37 0.0009155999999999999 0.1392
2290 37 0.0009159999999999999 0.1392
2291 35 0.0009163999999999999 0.0464
2292 37 0.0009168 0.1392
2293 36 0.0009172 0.0928
2294 35 0.0009176 0.0464
2295 35 0.000918 0.0464
2296 37 0.0009184 0.1392
2297 36 0.0009188 0.0928
2298 36 0.0009192 0.0928
2299 35 0.0009195999999999999 0.0464
2300 34 0.0009199999999999999 0.0
2301 34 0.0009203999999999999 0.0
2302 36 0.0009207999999999999 0.0928
2303 35 0.0009212 0.0464
2304 37 0.0009216 0.1392
2305 36 0.000922 0.0928
2306 38 0.0009224 0.1856
2307 35 0.0009228 0.0464
2308 37 0.0009232 0.1392
2309 35 0.0009236 0.0464
2310 34 0.0009239999999999999 0.0
2311 35 0.0009243999999999999 0.0464
2312 38 0.0009247999999999999 0.1856
2313 36 0.0009251999999999999 0.0928
2314 37 0.0009256 0.1392
2315 36 0.000926 0.0928
2316 35 0.0009264 0.0464
2317 36 0.0009268 0.0928
2318 36 0.0009272 0.0928
2319 34 0.0009276 0.0
2320 35 0.000928 0.0464
2321 34 0.0009283999999999999 0.0
2322 36 0.0009287999999999999 0.0928
2323 36 0.0009291999999999999 0.0928
2324 34 0.0009295999999999999 0.0
2325 34 0.0009299999999999999 0.0
2326 35 0.0009304 0.0464
2327 36 0.0009308 0.0928
2328 35 0.0009312 0.0464
2329 36 0.0009316 0.0928
2330 34 0.000932 0.0
2331 36 0.0009324 0.0928
2332 35 0.0009327999999999999 0.0464
2333 35 0.0009331999999999999 0.0464
2334 35 0.0009335999999999999 0.0464
2335 36 0.0009339999999999999 0.0928
2336 36 0.0009343999999999999 0.0928
2337 35 0.0009348 0.0464
2338 36 0.0009352 0.0928
2339 37 0.0009356 0.1392
2340 35 0.000936 0.0464
2341 37 0.0009364 0.1392
2342 35 0.0009368 0.0464
2343 35 0.0009371999999999999 0.0464
2344 36 0.0009375999999999999 0.0928
2345 36 0.0009379999999999999 0.0928
2346 35 0.0009383999999999999 0.0464
2347 37 0.0009387999999999999 0.1392
2348 35 0.0009392 0.0464
2349 34 0.0009396 0.0
2350 36 0.00094 0.0928
2351 37 0.0009404 0.1392
2352 37 0.0009408 0.1392
2353 37 0.0009412 0.1392
2354 35 0.0009416 0.0464
2355 35 0.0009419999999999999 0.0464
2356 36 0.0009423999999999999 0.0928
2357 35 0.0009427999999999999 0.0464
2358 34 0.0009431999999999999 0.0
2359 35 0.0009436 0.0464
2360 36 0.000944 0.0928
2361 36 0.0009444 0.0928
2362 36 0.0009448 0.0928
2363 36 0.0009452 0.0928
2364 35 0.0009456 0.0464
2365 35 0.000946 0.0464
2366 37 0.0009463999999999999 0.1392
2367 33 0.0009467999999999999 -0.0464
2368 37 0.0009471999999999999 0.1392
2369 34 0.0009475999999999999 0.0
2370 34 0.000948 0.0
2371 34 0.0009484 0.0
2372 37 0.0009488 0.1392
2373 36 0.0009492 0.0928
2374 35 0.0009496 0.0464
2375 34 0.00095 0.0
2376 37 0.0009504 0.1392
2377 36 0.0009507999999999999 0.0928
2378 37 0.0009511999999999999 0.1392
2379 34 0.0009515999999999999 0.0
2380 35 0.0009519999999999999 0.0464
2381 32 0.0009524 -0.0928
2382 38 0.0009528 0.1856
2383 35 0.0009532 0.0464
2384 33 0.0009536 -0.0464
2385 35 0.000954 0.0464
2386 35 0.0009544 0.0464
2387 35 0.0009548 0.0464
2388 36 0.0009551999999999999 0.0928
2389 38 0.0009555999999999999 0.1856
2390 35 0.0009559999999999999 0.0464
2391 37 0.0009563999999999999 0.1392
2392 35 0.0009568 0.0464
2393 37 0.0009572 0.1392
2394 35 0.0009576 0.0464
2395 37 0.000958 0.1392
2396 36 0.0009584 0.0928
2397 37 0.0009588 0.1392
2398 35 0.0009592 0.0464
2399 35 0.0009595999999999999 0.0464
2400 35 0.0009599999999999999 0.0464
2401 37 0.0009603999999999999 0.1392
2402 37 0.0009607999999999999 0.1392
2403 37 0.0009611999999999999 0.1392
2404 37 0.0009616 0.1392
2405 37 0.000962 0.1392
2406 35 0.0009624 0.0464
2407 36 0.0009628 0.0928
2408 35 0.0009632 0.0464
2409 36 0.0009636 0.0928
2410 35 0.0009639999999999999 0.0464
2411 38 0.0009643999999999999 0.1856
2412 35 0.0009647999999999999 0.0464
2413 37 0.0009651999999999999 0.1392
2414 34 0.0009655999999999999 0.0
2415 36 0.000966 0.0928
2416 35 0.0009664 0.0464
2417 36 0.0009668 0.0928
2418 35 0.0009672 0.0464
2419 35 0.0009676 0.0464
2420 33 0.000968 -0.0464
2421 34 0.0009683999999999999 0.0
2422 36 0.0009687999999999999 0.0928
2423 34 0.0009691999999999999 0.0
2424 34 0.0009695999999999999 0.0
2425 35 0.0009699999999999999 0.0464
2426 37 0.0009704 0.1392
2427 34 0.0009708 0.0
2428 37 0.0009712 0.1392
2429 35 0.0009716 0.0464
2430 36 0.000972 0.0928
2431 35 0.0009724 0.0464
2432 35 0.0009728 0.0464
2433 37 0.0009731999999999999 0.1392
2434 36 0.0009735999999999999 0.0928
2435 34 0.0009739999999999999 0.0
2436 36 0.0009743999999999999 0.0928
2437 36 0.0009748 0.0928
2438 37 0.0009752 0.1392
2439 35 0.0009756 0.0464
2440 37 0.000976 0.1392
2441 35 0.0009764 0.0464
2442 37 0.0009767999999999999 0.1392
2443 34 0.0009772 0.0
