#  0.0464 0.0 34.0 2e-07
0 34 0.0 0.0
1 35 2e-07 0.0464
2 36 4e-07 0.0928
3 35 6e-07 0.0464
4 34 8e-07 0.0
5 38 1e-06 0.1856
6 33 1.2e-06 -0.0464
7 34 1.4e-06 0.0
8 33 1.6e-06 -0.0464
9 36 1.8e-06 0.0928
10 36 2e-06 0.0928
11 33 2.2e-06 -0.0464
12 36 2.4e-06 0.0928
13 35 2.5999999999999997e-06 0.0464
14 37 2.8e-06 0.1392
15 35 3e-06 0.0464
16 34 3.2e-06 0.0
17 36 3.3999999999999996e-06 0.0928
18 37 3.6e-06 0.1392
19 35 3.8e-06 0.0464
20 36 4e-06 0.0928
21 35 4.2e-06 0.0464
22 36 4.4e-06 0.0928
23 35 4.6e-06 0.0464
24 35 4.8e-06 0.0464
25 33 4.9999999999999996e-06 -0.0464
26 36 5.199999999999999e-06 0.0928
27 35 5.4e-06 0.0464
28 34 5.6e-06 0.0
29 35 5.7999999999999995e-06 0.0464
30 35 6e-06 0.0464
31 35 6.2e-06 0.0464
32 36 6.4e-06 0.0928
33 38 6.5999999999999995e-06 0.1856
34 35 6.799999999999999e-06 0.0464
35 37 7e-06 0.1392
36 33 7.2e-06 -0.0464
37 35 7.3999999999999995e-06 0.0464
38 35 7.6e-06 0.0464
39 36 7.8e-06 0.0928
40 35 8e-06 0.0464
41 36 8.2e-06 0.0928
42 35 8.4e-06 0.0464
43 36 8.599999999999999e-06 0.0928
44 35 8.8e-06 0.0464
45 35 9e-06 0.0464
46 36 9.2e-06 0.0928
47 36 9.4e-06 0.0928
48 34 9.6e-06 0.0
49 35 9.8e-06 0.0464
50 35 9.999999999999999e-06 0.0464
51 37 1.0199999999999999e-05 0.1392
52 34 1.0399999999999999e-05 0.0
53 34 1.06e-05 0.0
54 35 1.08e-05 0.0464
55 34 1.1e-05 0.0
56 34 1.12e-05 0.0
57 35 1.14e-05 0.0464
58 36 1.1599999999999999e-05 0.0928
59 39 1.1799999999999999e-05 0.23199999999999998
60 36 1.2e-05 0.0928
61 34 1.22e-05 0.0
62 36 1.24e-05 0.0928
63 37 1.26e-05 0.1392
64 35 1.28e-05 0.0464
65 34 1.3e-05 0.0
66 35 1.3199999999999999e-05 0.0464
67 36 1.3399999999999999e-05 0.0928
68 37 1.3599999999999999e-05 0.1392
69 36 1.38e-05 0.0928
70 35 1.4e-05 0.0464
71 36 1.42e-05 0.0928
72 32 1.44e-05 -0.0928
73 35 1.4599999999999999e-05 0.0464
74 34 1.4799999999999999e-05 0.0
75 36 1.4999999999999999e-05 0.0928
76 37 1.52e-05 0.1392
77 35 1.5399999999999998e-05 0.0464
78 35 1.56e-05 0.0464
79 36 1.5799999999999998e-05 0.0928
80 35 1.6e-05 0.0464
81 34 1.62e-05 0.0
82 35 1.64e-05 0.0464
83 36 1.66e-05 0.0928
84 36 1.68e-05 0.0928
85 35 1.7e-05 0.0464
86 36 1.7199999999999998e-05 0.0928
87 36 1.74e-05 0.0928
88 36 1.76e-05 0.0928
89 37 1.78e-05 0.1392
90 35 1.8e-05 0.0464
91 35 1.82e-05 0.0464
92 37 1.84e-05 0.1392
93 35 1.8599999999999998e-05 0.0464
94 34 1.88e-05 0.0
95 33 1.8999999999999998e-05 -0.0464
96 35 1.92e-05 0.0464
97 34 1.94e-05 0.0
98 34 1.96e-05 0.0
99 35 1.98e-05 0.0464
100 34 1.9999999999999998e-05 0.0
101 37 2.02e-05 0.1392
102 35 2.0399999999999998e-05 0.0464
103 35 2.06e-05 0.0464
104 37 2.0799999999999997e-05 0.1392
105 34 2.1e-05 0.0
106 36 2.12e-05 0.0928
107 36 2.14e-05 0.0928
108 36 2.16e-05 0.0928
109 38 2.1799999999999998e-05 0.1856
110 35 2.2e-05 0.0464
111 36 2.2199999999999998e-05 0.0928
112 36 2.24e-05 0.0928
113 37 2.26e-05 0.1392
114 35 2.28e-05 0.0464
115 34 2.3e-05 0.0
116 35 2.3199999999999998e-05 0.0464
117 36 2.34e-05 0.0928
118 34 2.3599999999999998e-05 0.0
119 36 2.38e-05 0.0928
120 35 2.4e-05 0.0464
121 35 2.42e-05 0.0464
122 35 2.44e-05 0.0464
123 35 2.4599999999999998e-05 0.0464
124 35 2.48e-05 0.0464
125 36 2.4999999999999998e-05 0.0928
126 37 2.52e-05 0.1392
127 35 2.5399999999999997e-05 0.0464
128 35 2.56e-05 0.0464
129 36 2.58e-05 0.0928
130 34 2.6e-05 0.0
131 37 2.62e-05 0.1392
132 34 2.6399999999999998e-05 0.0
133 35 2.66e-05 0.0464
134 37 2.6799999999999998e-05 0.1392
135 35 2.7e-05 0.0464
136 36 2.7199999999999997e-05 0.0928
137 37 2.74e-05 0.1392
138 36 2.76e-05 0.0928
139 35 2.7799999999999998e-05 0.0464
140 36 2.8e-05 0.0928
141 36 2.8199999999999998e-05 0.0928
142 36 2.84e-05 0.0928
143 35 2.8599999999999997e-05 0.0464
144 34 2.88e-05 0.0
145 36 2.9e-05 0.0928
146 37 2.9199999999999998e-05 0.1392
147 36 2.94e-05 0.0928
148 37 2.9599999999999998e-05 0.1392
149 36 2.98e-05 0.0928
150 34 2.9999999999999997e-05 0.0
151 33 3.02e-05 -0.0464
152 35 3.04e-05 0.0464
153 33 3.06e-05 -0.0464
154 35 3.0799999999999996e-05 0.0464
155 35 3.1e-05 0.0464
156 34 3.12e-05 0.0
157 35 3.14e-05 0.0464
158 37 3.1599999999999996e-05 0.1392
159 36 3.18e-05 0.0928
160 35 3.2e-05 0.0464
161 36 3.22e-05 0.0928
162 37 3.24e-05 0.1392
163 35 3.26e-05 0.0464
164 34 3.28e-05 0.0
165 35 3.2999999999999996e-05 0.0464
166 37 3.32e-05 0.1392
167 36 3.34e-05 0.0928
168 35 3.36e-05 0.0464
169 34 3.38e-05 0.0
170 35 3.4e-05 0.0464
171 33 3.42e-05 -0.0464
172 35 3.4399999999999996e-05 0.0464
173 35 3.46e-05 0.0464
174 38 3.48e-05 0.1856
175 37 3.5e-05 0.1392
176 36 3.52e-05 0.0928
177 35 3.54e-05 0.0464
178 36 3.56e-05 0.0928
179 34 3.5799999999999996e-05 0.0
180 35 3.6e-05 0.0464
181 37 3.62e-05 0.1392
182 37 3.64e-05 0.1392
183 35 3.6599999999999995e-05 0.0464
184 36 3.68e-05 0.0928
185 36 3.7e-05 0.0928
186 37 3.7199999999999996e-05 0.1392
187 35 3.74e-05 0.0464
188 35 3.76e-05 0.0464
189 35 3.78e-05 0.0464
190 35 3.7999999999999995e-05 0.0464
191 37 3.82e-05 0.1392
192 38 3.84e-05 0.1856
193 34 3.8599999999999996e-05 0.0
194 36 3.88e-05 0.0928
195 36 3.9e-05 0.0928
196 33 3.92e-05 -0.0464
197 35 3.9399999999999995e-05 0.0464
198 36 3.96e-05 0.0928
199 35 3.98e-05 0.0464
200 36 3.9999999999999996e-05 0.0928
201 36 4.02e-05 0.0928
202 35 4.04e-05 0.0464
203 36 4.06e-05 0.0928
204 34 4.0799999999999996e-05 0.0
205 36 4.1e-05 0.0928
206 35 4.12e-05 0.0464
207 37 4.14e-05 0.1392
208 36 4.1599999999999995e-05 0.0928
209 36 4.18e-05 0.0928
210 35 4.2e-05 0.0464
211 36 4.2199999999999996e-05 0.0928
212 38 4.24e-05 0.1856
213 35 4.26e-05 0.0464
214 35 4.28e-05 0.0464
215 35 4.2999999999999995e-05 0.0464
216 35 4.32e-05 0.0464
217 34 4.34e-05 0.0
218 34 4.3599999999999996e-05 0.0
219 35 4.38e-05 0.0464
220 35 4.4e-05 0.0464
221 35 4.42e-05 0.0464
222 37 4.4399999999999995e-05 0.1392
223 35 4.46e-05 0.0464
224 36 4.48e-05 0.0928
225 37 4.4999999999999996e-05 0.1392
226 35 4.52e-05 0.0464
227 35 4.54e-05 0.0464
228 36 4.56e-05 0.0928
229 36 4.5799999999999995e-05 0.0928
230 37 4.6e-05 0.1392
231 35 4.62e-05 0.0464
232 37 4.6399999999999996e-05 0.1392
233 36 4.66e-05 0.0928
234 36 4.68e-05 0.0928
235 35 4.7e-05 0.0464
236 37 4.7199999999999995e-05 0.1392
237 38 4.74e-05 0.1856
238 36 4.76e-05 0.0928
239 37 4.7799999999999996e-05 0.1392
240 35 4.8e-05 0.0464
241 38 4.82e-05 0.1856
242 35 4.84e-05 0.0464
243 36 4.8599999999999995e-05 0.0928
244 36 4.88e-05 0.0928
245 36 4.9e-05 0.0928
246 35 4.9199999999999997e-05 0.0464
247 35 4.9399999999999995e-05 0.0464
248 37 4.96e-05 0.1392
249 37 4.98e-05 0.1392
250 36 4.9999999999999996e-05 0.0928
251 35 5.02e-05 0.0464
252 36 5.04e-05 0.0928
253 35 5.06e-05 0.0464
254 35 5.0799999999999995e-05 0.0464
255 36 5.1e-05 0.0928
256 36 5.12e-05 0.0928
257 37 5.1399999999999996e-05 0.1392
258 36 5.16e-05 0.0928
259 36 5.18e-05 0.0928
260 35 5.2e-05 0.0464
261 38 5.2199999999999995e-05 0.1856
262 36 5.24e-05 0.0928
263 36 5.26e-05 0.0928
264 35 5.2799999999999996e-05 0.0464
265 37 5.3e-05 0.1392
266 37 5.32e-05 0.1392
267 36 5.34e-05 0.0928
268 35 5.3599999999999995e-05 0.0464
269 38 5.38e-05 0.1856
270 36 5.4e-05 0.0928
271 36 5.4199999999999996e-05 0.0928
272 35 5.4399999999999994e-05 0.0464
273 37 5.46e-05 0.1392
274 38 5.48e-05 0.1856
275 35 5.4999999999999995e-05 0.0464
276 35 5.52e-05 0.0464
277 36 5.54e-05 0.0928
278 34 5.5599999999999996e-05 0.0
279 36 5.5799999999999994e-05 0.0928
280 38 5.6e-05 0.1856
281 40 5.62e-05 0.2784
282 35 5.6399999999999995e-05 0.0464
283 36 5.66e-05 0.0928
284 35 5.68e-05 0.0464
285 37 5.6999999999999996e-05 0.1392
286 37 5.7199999999999994e-05 0.1392
287 36 5.74e-05 0.0928
288 36 5.76e-05 0.0928
289 35 5.7799999999999995e-05 0.0464
290 38 5.8e-05 0.1856
291 38 5.82e-05 0.1856
292 37 5.8399999999999997e-05 0.1392
293 35 5.8599999999999995e-05 0.0464
294 36 5.88e-05 0.0928
295 34 5.9e-05 0.0
296 34 5.9199999999999996e-05 0.0
297 34 5.94e-05 0.0
298 37 5.96e-05 0.1392
299 37 5.98e-05 0.1392
300 35 5.9999999999999995e-05 0.0464
301 35 6.02e-05 0.0464
302 38 6.04e-05 0.1856
303 36 6.0599999999999996e-05 0.0928
304 37 6.08e-05 0.1392
305 36 6.1e-05 0.0928
306 37 6.12e-05 0.1392
307 39 6.14e-05 0.23199999999999998
308 35 6.159999999999999e-05 0.0464
309 37 6.18e-05 0.1392
310 38 6.2e-05 0.1856
311 37 6.22e-05 0.1392
312 37 6.24e-05 0.1392
313 36 6.26e-05 0.0928
314 36 6.28e-05 0.0928
315 38 6.3e-05 0.1856
316 35 6.319999999999999e-05 0.0464
317 37 6.34e-05 0.1392
318 36 6.36e-05 0.0928
319 35 6.379999999999999e-05 0.0464
320 35 6.4e-05 0.0464
321 36 6.42e-05 0.0928
322 36 6.44e-05 0.0928
323 37 6.46e-05 0.1392
324 36 6.48e-05 0.0928
325 36 6.5e-05 0.0928
326 37 6.52e-05 0.1392
327 37 6.539999999999999e-05 0.1392
328 36 6.56e-05 0.0928
329 37 6.58e-05 0.1392
330 36 6.599999999999999e-05 0.0928
331 38 6.62e-05 0.1856
332 37 6.64e-05 0.1392
333 38 6.659999999999999e-05 0.1856
334 35 6.68e-05 0.0464
335 39 6.7e-05 0.23199999999999998
336 38 6.72e-05 0.1856
337 37 6.74e-05 0.1392
338 38 6.76e-05 0.1856
339 37 6.78e-05 0.1392
340 38 6.8e-05 0.1856
341 36 6.819999999999999e-05 0.0928
342 38 6.84e-05 0.1856
343 38 6.86e-05 0.1856
344 38 6.879999999999999e-05 0.1856
345 36 6.9e-05 0.0928
346 38 6.92e-05 0.1856
347 39 6.939999999999999e-05 0.23199999999999998
348 39 6.96e-05 0.23199999999999998
349 36 6.98e-05 0.0928
350 36 7e-05 0.0928
351 35 7.02e-05 0.0464
352 37 7.04e-05 0.1392
353 35 7.06e-05 0.0464
354 35 7.08e-05 0.0464
355 37 7.099999999999999e-05 0.1392
356 40 7.12e-05 0.2784
357 38 7.14e-05 0.1856
358 36 7.159999999999999e-05 0.0928
359 39 7.18e-05 0.23199999999999998
360 38 7.2e-05 0.1856
361 38 7.219999999999999e-05 0.1856
362 36 7.24e-05 0.0928
363 36 7.26e-05 0.0928
364 39 7.28e-05 0.23199999999999998
365 39 7.3e-05 0.23199999999999998
366 38 7.319999999999999e-05 0.1856
367 36 7.34e-05 0.0928
368 38 7.36e-05 0.1856
369 36 7.379999999999999e-05 0.0928
370 37 7.4e-05 0.1392
371 37 7.42e-05 0.1392
372 37 7.439999999999999e-05 0.1392
373 40 7.46e-05 0.2784
374 38 7.48e-05 0.1856
375 36 7.5e-05 0.0928
376 39 7.52e-05 0.23199999999999998
377 38 7.54e-05 0.1856
378 38 7.56e-05 0.1856
379 38 7.58e-05 0.1856
380 41 7.599999999999999e-05 0.3248
381 38 7.62e-05 0.1856
382 37 7.64e-05 0.1392
383 37 7.659999999999999e-05 0.1392
384 39 7.68e-05 0.23199999999999998
385 40 7.7e-05 0.2784
386 38 7.719999999999999e-05 0.1856
387 37 7.74e-05 0.1392
388 37 7.76e-05 0.1392
389 39 7.78e-05 0.23199999999999998
390 40 7.8e-05 0.2784
391 36 7.819999999999999e-05 0.0928
392 38 7.84e-05 0.1856
393 38 7.86e-05 0.1856
394 36 7.879999999999999e-05 0.0928
395 38 7.9e-05 0.1856
396 38 7.92e-05 0.1856
397 41 7.939999999999999e-05 0.3248
398 40 7.96e-05 0.2784
399 38 7.98e-05 0.1856
400 38 7.999999999999999e-05 0.1856
401 40 8.02e-05 0.2784
402 37 8.04e-05 0.1392
403 38 8.06e-05 0.1856
404 39 8.08e-05 0.23199999999999998
405 40 8.099999999999999e-05 0.2784
406 40 8.12e-05 0.2784
407 39 8.14e-05 0.23199999999999998
408 38 8.159999999999999e-05 0.1856
409 42 8.18e-05 0.3712
410 39 8.2e-05 0.23199999999999998
411 39 8.219999999999999e-05 0.23199999999999998
412 38 8.24e-05 0.1856
413 39 8.26e-05 0.23199999999999998
414 39 8.28e-05 0.23199999999999998
415 38 8.3e-05 0.1856
416 38 8.319999999999999e-05 0.1856
417 39 8.34e-05 0.23199999999999998
418 38 8.36e-05 0.1856
419 37 8.379999999999999e-05 0.1392
420 39 8.4e-05 0.23199999999999998
421 38 8.42e-05 0.1856
422 40 8.439999999999999e-05 0.2784
423 40 8.46e-05 0.2784
424 38 8.48e-05 0.1856
425 39 8.499999999999999e-05 0.23199999999999998
426 39 8.52e-05 0.23199999999999998
427 39 8.54e-05 0.23199999999999998
428 40 8.56e-05 0.2784
429 39 8.58e-05 0.23199999999999998
430 41 8.599999999999999e-05 0.3248
431 41 8.62e-05 0.3248
432 39 8.64e-05 0.23199999999999998
433 39 8.659999999999999e-05 0.23199999999999998
434 39 8.68e-05 0.23199999999999998
435 41 8.7e-05 0.3248
436 39 8.719999999999999e-05 0.23199999999999998
437 40 8.74e-05 0.2784
438 39 8.76e-05 0.23199999999999998
439 41 8.779999999999999e-05 0.3248
440 39 8.8e-05 0.23199999999999998
441 39 8.82e-05 0.23199999999999998
442 41 8.84e-05 0.3248
443 42 8.86e-05 0.3712
444 40 8.879999999999999e-05 0.2784
445 41 8.9e-05 0.3248
446 41 8.92e-05 0.3248
447 42 8.939999999999999e-05 0.3712
448 40 8.96e-05 0.2784
449 38 8.98e-05 0.1856
450 40 8.999999999999999e-05 0.2784
451 37 9.02e-05 0.1392
452 40 9.04e-05 0.2784
453 41 9.059999999999999e-05 0.3248
454 41 9.08e-05 0.3248
455 42 9.099999999999999e-05 0.3712
456 42 9.12e-05 0.3712
457 41 9.14e-05 0.3248
458 41 9.159999999999999e-05 0.3248
459 41 9.18e-05 0.3248
460 42 9.2e-05 0.3712
461 41 9.219999999999999e-05 0.3248
462 40 9.24e-05 0.2784
463 41 9.26e-05 0.3248
464 41 9.279999999999999e-05 0.3248
465 40 9.3e-05 0.2784
466 40 9.32e-05 0.2784
467 43 9.34e-05 0.41759999999999997
468 40 9.36e-05 0.2784
469 40 9.379999999999999e-05 0.2784
470 39 9.4e-05 0.23199999999999998
471 43 9.42e-05 0.41759999999999997
472 42 9.439999999999999e-05 0.3712
473 41 9.46e-05 0.3248
474 41 9.48e-05 0.3248
475 43 9.499999999999999e-05 0.41759999999999997
476 40 9.52e-05 0.2784
477 41 9.54e-05 0.3248
478 42 9.559999999999999e-05 0.3712
479 44 9.58e-05 0.46399999999999997
480 43 9.6e-05 0.41759999999999997
481 41 9.62e-05 0.3248
482 41 9.64e-05 0.3248
483 42 9.659999999999999e-05 0.3712
484 44 9.68e-05 0.46399999999999997
485 43 9.7e-05 0.41759999999999997
486 41 9.719999999999999e-05 0.3248
487 42 9.74e-05 0.3712
488 43 9.76e-05 0.41759999999999997
489 43 9.779999999999999e-05 0.41759999999999997
490 40 9.8e-05 0.2784
491 43 9.82e-05 0.41759999999999997
492 42 9.839999999999999e-05 0.3712
493 40 9.86e-05 0.2784
494 41 9.879999999999999e-05 0.3248
495 42 9.9e-05 0.3712
496 44 9.92e-05 0.46399999999999997
497 42 9.939999999999999e-05 0.3712
498 41 9.96e-05 0.3248
499 41 9.98e-05 0.3248
500 44 9.999999999999999e-05 0.46399999999999997
501 42 0.0001002 0.3712
502 42 0.0001004 0.3712
503 42 0.00010059999999999999 0.3712
504 43 0.0001008 0.41759999999999997
505 44 0.000101 0.46399999999999997
506 41 0.0001012 0.3248
507 43 0.0001014 0.41759999999999997
508 44 0.00010159999999999999 0.46399999999999997
509 44 0.0001018 0.46399999999999997
510 41 0.000102 0.3248
511 42 0.00010219999999999999 0.3712
512 43 0.0001024 0.41759999999999997
513 44 0.0001026 0.46399999999999997
514 41 0.00010279999999999999 0.3248
515 44 0.000103 0.46399999999999997
516 43 0.0001032 0.41759999999999997
517 43 0.00010339999999999999 0.41759999999999997
518 44 0.0001036 0.46399999999999997
519 43 0.00010379999999999999 0.41759999999999997
520 42 0.000104 0.3712
521 44 0.0001042 0.46399999999999997
522 44 0.00010439999999999999 0.46399999999999997
523 44 0.0001046 0.46399999999999997
524 43 0.0001048 0.41759999999999997
525 43 0.00010499999999999999 0.41759999999999997
526 44 0.0001052 0.46399999999999997
527 44 0.0001054 0.46399999999999997
528 43 0.00010559999999999999 0.41759999999999997
529 45 0.0001058 0.5104
530 45 0.000106 0.5104
531 44 0.00010619999999999999 0.46399999999999997
532 43 0.0001064 0.41759999999999997
533 45 0.00010659999999999999 0.5104
534 45 0.0001068 0.5104
535 44 0.000107 0.46399999999999997
536 45 0.00010719999999999999 0.5104
537 45 0.0001074 0.5104
538 46 0.0001076 0.5568
539 44 0.00010779999999999999 0.46399999999999997
540 44 0.000108 0.46399999999999997
541 45 0.0001082 0.5104
542 44 0.00010839999999999999 0.46399999999999997
543 43 0.0001086 0.41759999999999997
544 44 0.00010879999999999999 0.46399999999999997
545 45 0.00010899999999999999 0.5104
546 47 0.0001092 0.6032
547 43 0.00010939999999999999 0.41759999999999997
548 46 0.0001096 0.5568
549 46 0.0001098 0.5568
550 43 0.00010999999999999999 0.41759999999999997
551 45 0.0001102 0.5104
552 45 0.0001104 0.5104
553 45 0.00011059999999999999 0.5104
554 48 0.0001108 0.6496
555 47 0.000111 0.6032
556 46 0.00011119999999999999 0.5568
557 46 0.0001114 0.5568
558 48 0.00011159999999999999 0.6496
559 47 0.0001118 0.6032
560 45 0.000112 0.5104
561 46 0.00011219999999999999 0.5568
562 47 0.0001124 0.6032
563 46 0.0001126 0.5568
564 45 0.00011279999999999999 0.5104
565 46 0.000113 0.5568
566 48 0.0001132 0.6496
567 45 0.00011339999999999999 0.5104
568 45 0.0001136 0.5104
569 46 0.0001138 0.5568
570 48 0.00011399999999999999 0.6496
571 47 0.0001142 0.6032
572 48 0.00011439999999999999 0.6496
573 47 0.0001146 0.6032
574 49 0.0001148 0.696
575 45 0.00011499999999999999 0.5104
576 48 0.0001152 0.6496
577 46 0.0001154 0.5568
578 49 0.00011559999999999999 0.696
579 49 0.0001158 0.696
580 45 0.000116 0.5104
581 47 0.00011619999999999999 0.6032
582 47 0.0001164 0.6032
583 47 0.00011659999999999999 0.6032
584 48 0.00011679999999999999 0.6496
585 47 0.000117 0.6032
586 49 0.00011719999999999999 0.696
587 50 0.0001174 0.7424
588 49 0.0001176 0.696
589 49 0.00011779999999999999 0.696
590 47 0.000118 0.6032
591 48 0.0001182 0.6496
592 46 0.00011839999999999999 0.5568
593 47 0.0001186 0.6032
594 48 0.0001188 0.6496
595 50 0.00011899999999999999 0.7424
596 49 0.0001192 0.696
597 49 0.00011939999999999999 0.696
598 48 0.0001196 0.6496
599 49 0.0001198 0.696
600 48 0.00011999999999999999 0.6496
601 51 0.0001202 0.7888
602 50 0.0001204 0.7424
603 50 0.00012059999999999999 0.7424
604 51 0.0001208 0.7888
605 48 0.000121 0.6496
606 48 0.00012119999999999999 0.6496
607 51 0.0001214 0.7888
608 50 0.0001216 0.7424
609 50 0.00012179999999999999 0.7424
610 49 0.000122 0.696
611 49 0.0001222 0.696
612 52 0.0001224 0.8351999999999999
613 50 0.0001226 0.7424
614 49 0.0001228 0.696
615 49 0.00012299999999999998 0.696
616 48 0.00012319999999999999 0.6496
617 50 0.0001234 0.7424
618 50 0.0001236 0.7424
619 49 0.0001238 0.696
620 48 0.000124 0.6496
621 52 0.00012419999999999998 0.8351999999999999
622 51 0.0001244 0.7888
623 50 0.0001246 0.7424
624 51 0.0001248 0.7888
625 51 0.000125 0.7888
626 51 0.0001252 0.7888
627 52 0.00012539999999999999 0.8351999999999999
628 52 0.0001256 0.8351999999999999
629 51 0.0001258 0.7888
630 50 0.000126 0.7424
631 50 0.0001262 0.7424
632 53 0.00012639999999999998 0.8815999999999999
633 52 0.0001266 0.8351999999999999
634 52 0.0001268 0.8351999999999999
635 52 0.000127 0.8351999999999999
636 53 0.0001272 0.8815999999999999
637 53 0.0001274 0.8815999999999999
638 53 0.00012759999999999998 0.8815999999999999
639 52 0.0001278 0.8351999999999999
640 54 0.000128 0.9279999999999999
641 53 0.0001282 0.8815999999999999
642 53 0.0001284 0.8815999999999999
643 52 0.00012859999999999998 0.8351999999999999
644 54 0.0001288 0.9279999999999999
645 55 0.000129 0.9743999999999999
646 52 0.0001292 0.8351999999999999
647 50 0.0001294 0.7424
648 52 0.0001296 0.8351999999999999
649 52 0.00012979999999999998 0.8351999999999999
650 53 0.00013 0.8815999999999999
651 51 0.0001302 0.7888
652 54 0.0001304 0.9279999999999999
653 55 0.0001306 0.9743999999999999
654 56 0.00013079999999999998 1.0208
655 52 0.00013099999999999999 0.8351999999999999
656 55 0.0001312 0.9743999999999999
657 56 0.0001314 1.0208
658 55 0.0001316 0.9743999999999999
659 53 0.0001318 0.8815999999999999
660 54 0.00013199999999999998 0.9279999999999999
661 53 0.0001322 0.8815999999999999
662 54 0.0001324 0.9279999999999999
663 54 0.0001326 0.9279999999999999
664 53 0.0001328 0.8815999999999999
665 54 0.000133 0.9279999999999999
666 54 0.00013319999999999999 0.9279999999999999
667 54 0.0001334 0.9279999999999999
668 55 0.0001336 0.9743999999999999
669 55 0.0001338 0.9743999999999999
670 57 0.000134 1.0672
671 55 0.00013419999999999998 0.9743999999999999
672 54 0.0001344 0.9279999999999999
673 57 0.0001346 1.0672
674 53 0.0001348 0.8815999999999999
675 55 0.000135 0.9743999999999999
676 54 0.0001352 0.9279999999999999
677 58 0.00013539999999999998 1.1136
678 57 0.0001356 1.0672
679 55 0.0001358 0.9743999999999999
680 55 0.000136 0.9743999999999999
681 57 0.0001362 1.0672
682 56 0.00013639999999999998 1.0208
683 56 0.00013659999999999999 1.0208
684 55 0.0001368 0.9743999999999999
685 56 0.000137 1.0208
686 58 0.0001372 1.1136
687 58 0.0001374 1.1136
688 55 0.00013759999999999998 0.9743999999999999
689 57 0.0001378 1.0672
690 56 0.000138 1.0208
691 56 0.0001382 1.0208
692 55 0.0001384 0.9743999999999999
693 55 0.00013859999999999998 0.9743999999999999
694 57 0.00013879999999999999 1.0672
695 60 0.000139 1.2064
696 58 0.0001392 1.1136
697 56 0.0001394 1.0208
698 59 0.0001396 1.16
699 56 0.00013979999999999998 1.0208
700 57 0.00014 1.0672
701 57 0.0001402 1.0672
702 61 0.0001404 1.2528
703 60 0.0001406 1.2064
704 57 0.0001408 1.0672
705 58 0.00014099999999999998 1.1136
706 60 0.0001412 1.2064
707 59 0.0001414 1.16
708 58 0.0001416 1.1136
709 57 0.0001418 1.0672
710 58 0.00014199999999999998 1.1136
711 60 0.0001422 1.2064
712 58 0.0001424 1.1136
713 58 0.0001426 1.1136
714 58 0.0001428 1.1136
715 57 0.000143 1.0672
716 58 0.00014319999999999998 1.1136
717 58 0.0001434 1.1136
718 58 0.0001436 1.1136
719 61 0.0001438 1.2528
720 61 0.000144 1.2528
721 60 0.00014419999999999998 1.2064
722 61 0.00014439999999999999 1.2528
723 61 0.0001446 1.2528
724 60 0.0001448 1.2064
725 60 0.000145 1.2064
726 60 0.0001452 1.2064
727 60 0.00014539999999999998 1.2064
728 62 0.0001456 1.2992
729 59 0.0001458 1.16
730 61 0.000146 1.2528
731 61 0.0001462 1.2528
732 61 0.00014639999999999998 1.2528
733 61 0.00014659999999999999 1.2528
734 60 0.0001468 1.2064
735 62 0.000147 1.2992
736 62 0.0001472 1.2992
737 62 0.0001474 1.2992
738 60 0.00014759999999999998 1.2064
739 64 0.0001478 1.392
740 63 0.000148 1.3456
741 61 0.0001482 1.2528
742 61 0.0001484 1.2528
743 62 0.00014859999999999998 1.2992
744 62 0.00014879999999999998 1.2992
745 61 0.000149 1.2528
746 62 0.0001492 1.2992
747 61 0.0001494 1.2528
748 62 0.0001496 1.2992
749 62 0.00014979999999999998 1.2992
750 62 0.00015 1.2992
751 63 0.0001502 1.3456
752 65 0.0001504 1.4384
753 62 0.0001506 1.2992
754 63 0.0001508 1.3456
755 62 0.00015099999999999998 1.2992
756 65 0.0001512 1.4384
757 63 0.0001514 1.3456
758 63 0.0001516 1.3456
759 64 0.0001518 1.392
760 63 0.00015199999999999998 1.3456
761 65 0.00015219999999999999 1.4384
762 64 0.0001524 1.392
763 63 0.0001526 1.3456
764 65 0.0001528 1.4384
765 63 0.000153 1.3456
766 64 0.00015319999999999998 1.392
767 64 0.0001534 1.392
768 65 0.0001536 1.4384
769 65 0.0001538 1.4384
770 65 0.000154 1.4384
771 65 0.00015419999999999998 1.4384
772 66 0.00015439999999999999 1.4848
773 64 0.0001546 1.392
774 66 0.0001548 1.4848
775 66 0.000155 1.4848
776 68 0.0001552 1.5776
777 67 0.00015539999999999998 1.5312
778 65 0.0001556 1.4384
779 66 0.0001558 1.4848
780 68 0.000156 1.5776
781 67 0.0001562 1.5312
782 66 0.00015639999999999998 1.4848
783 66 0.00015659999999999998 1.4848
784 65 0.0001568 1.4384
785 68 0.000157 1.5776
786 69 0.0001572 1.6239999999999999
787 66 0.0001574 1.4848
788 68 0.00015759999999999998 1.5776
789 67 0.0001578 1.5312
790 66 0.000158 1.4848
791 67 0.0001582 1.5312
792 66 0.0001584 1.4848
793 68 0.0001586 1.5776
794 67 0.00015879999999999998 1.5312
795 69 0.000159 1.6239999999999999
796 67 0.0001592 1.5312
797 68 0.0001594 1.5776
798 68 0.0001596 1.5776
799 70 0.00015979999999999998 1.6703999999999999
800 67 0.00015999999999999999 1.5312
801 71 0.0001602 1.7167999999999999
802 69 0.0001604 1.6239999999999999
803 67 0.0001606 1.5312
804 66 0.0001608 1.4848
805 70 0.00016099999999999998 1.6703999999999999
806 70 0.0001612 1.6703999999999999
807 68 0.0001614 1.5776
808 68 0.0001616 1.5776
809 69 0.0001618 1.6239999999999999
810 70 0.00016199999999999998 1.6703999999999999
811 69 0.00016219999999999999 1.6239999999999999
812 70 0.0001624 1.6703999999999999
813 69 0.0001626 1.6239999999999999
814 70 0.0001628 1.6703999999999999
815 69 0.000163 1.6239999999999999
816 70 0.00016319999999999998 1.6703999999999999
817 69 0.0001634 1.6239999999999999
818 71 0.0001636 1.7167999999999999
819 73 0.0001638 1.8095999999999999
820 71 0.000164 1.7167999999999999
821 71 0.00016419999999999998 1.7167999999999999
822 73 0.00016439999999999998 1.8095999999999999
823 72 0.0001646 1.7631999999999999
824 73 0.0001648 1.8095999999999999
825 72 0.000165 1.7631999999999999
826 73 0.0001652 1.8095999999999999
827 74 0.00016539999999999998 1.8559999999999999
828 72 0.0001656 1.7631999999999999
829 73 0.0001658 1.8095999999999999
830 72 0.000166 1.7631999999999999
831 74 0.0001662 1.8559999999999999
832 72 0.00016639999999999998 1.7631999999999999
833 71 0.00016659999999999998 1.7167999999999999
834 74 0.0001668 1.8559999999999999
835 72 0.000167 1.7631999999999999
836 73 0.0001672 1.8095999999999999
837 71 0.0001674 1.7167999999999999
838 74 0.00016759999999999998 1.8559999999999999
839 74 0.00016779999999999999 1.8559999999999999
840 73 0.000168 1.8095999999999999
841 73 0.0001682 1.8095999999999999
842 76 0.0001684 1.9487999999999999
843 74 0.0001686 1.8559999999999999
844 72 0.00016879999999999998 1.7631999999999999
845 74 0.000169 1.8559999999999999
846 73 0.0001692 1.8095999999999999
847 74 0.0001694 1.8559999999999999
848 73 0.0001696 1.8095999999999999
849 76 0.00016979999999999998 1.9487999999999999
850 75 0.00016999999999999999 1.9023999999999999
851 77 0.0001702 1.9951999999999999
852 76 0.0001704 1.9487999999999999
853 76 0.0001706 1.9487999999999999
854 76 0.0001708 1.9487999999999999
855 77 0.00017099999999999998 1.9951999999999999
856 78 0.0001712 2.0416
857 74 0.0001714 1.8559999999999999
858 75 0.0001716 1.9023999999999999
859 76 0.0001718 1.9487999999999999
860 77 0.00017199999999999998 1.9951999999999999
861 77 0.00017219999999999998 1.9951999999999999
862 76 0.0001724 1.9487999999999999
863 77 0.0001726 1.9951999999999999
864 75 0.0001728 1.9023999999999999
865 77 0.000173 1.9951999999999999
866 78 0.00017319999999999998 2.0416
867 76 0.00017339999999999999 1.9487999999999999
868 76 0.0001736 1.9487999999999999
869 76 0.0001738 1.9487999999999999
870 77 0.000174 1.9951999999999999
871 78 0.00017419999999999998 2.0416
872 77 0.00017439999999999998 1.9951999999999999
873 77 0.0001746 1.9951999999999999
874 79 0.0001748 2.088
875 80 0.000175 2.1344
876 79 0.0001752 2.088
877 77 0.00017539999999999998 1.9951999999999999
878 79 0.00017559999999999999 2.088
879 82 0.0001758 2.2272
880 82 0.000176 2.2272
881 81 0.0001762 2.1807999999999996
882 78 0.0001764 2.0416
883 79 0.00017659999999999998 2.088
884 81 0.0001768 2.1807999999999996
885 81 0.000177 2.1807999999999996
886 79 0.0001772 2.088
887 79 0.0001774 2.088
888 80 0.00017759999999999998 2.1344
889 78 0.00017779999999999998 2.0416
890 80 0.000178 2.1344
891 79 0.0001782 2.088
892 82 0.0001784 2.2272
893 81 0.0001786 2.1807999999999996
894 82 0.00017879999999999998 2.2272
895 81 0.000179 2.1807999999999996
896 82 0.0001792 2.2272
897 81 0.0001794 2.1807999999999996
898 82 0.0001796 2.2272
899 82 0.00017979999999999998 2.2272
900 83 0.00017999999999999998 2.2736
901 83 0.0001802 2.2736
902 82 0.0001804 2.2272
903 83 0.0001806 2.2736
904 83 0.0001808 2.2736
905 85 0.00018099999999999998 2.3663999999999996
906 80 0.00018119999999999999 2.1344
907 81 0.0001814 2.1807999999999996
908 84 0.0001816 2.32
909 85 0.0001818 2.3663999999999996
910 82 0.00018199999999999998 2.2272
911 82 0.00018219999999999998 2.2272
912 83 0.0001824 2.2736
913 84 0.0001826 2.32
914 83 0.0001828 2.2736
915 84 0.000183 2.32
916 83 0.00018319999999999998 2.2736
917 85 0.00018339999999999999 2.3663999999999996
918 85 0.0001836 2.3663999999999996
919 84 0.0001838 2.32
920 84 0.000184 2.32
921 87 0.0001842 2.4592
922 84 0.00018439999999999998 2.32
923 87 0.0001846 2.4592
924 85 0.0001848 2.3663999999999996
925 87 0.000185 2.4592
926 87 0.0001852 2.4592
927 87 0.00018539999999999998 2.4592
928 87 0.00018559999999999998 2.4592
929 89 0.0001858 2.5519999999999996
930 88 0.000186 2.5056
931 87 0.0001862 2.4592
932 87 0.0001864 2.4592
933 86 0.00018659999999999998 2.4128
934 89 0.0001868 2.5519999999999996
935 86 0.000187 2.4128
936 85 0.0001872 2.3663999999999996
937 90 0.0001874 2.5984
938 90 0.00018759999999999998 2.5984
939 88 0.00018779999999999998 2.5056
940 90 0.000188 2.5984
941 90 0.0001882 2.5984
942 89 0.0001884 2.5519999999999996
943 89 0.0001886 2.5519999999999996
944 88 0.00018879999999999998 2.5056
945 90 0.00018899999999999999 2.5984
946 90 0.0001892 2.5984
947 90 0.0001894 2.5984
948 89 0.0001896 2.5519999999999996
949 90 0.00018979999999999998 2.5984
950 92 0.00018999999999999998 2.6912
951 90 0.0001902 2.5984
952 90 0.0001904 2.5984
953 93 0.0001906 2.7375999999999996
954 93 0.0001908 2.7375999999999996
955 91 0.00019099999999999998 2.6448
956 91 0.00019119999999999999 2.6448
957 91 0.0001914 2.6448
958 93 0.0001916 2.7375999999999996
959 91 0.0001918 2.6448
960 93 0.000192 2.7375999999999996
961 91 0.00019219999999999998 2.6448
962 92 0.0001924 2.6912
963 92 0.0001926 2.6912
964 93 0.0001928 2.7375999999999996
965 90 0.000193 2.5984
966 94 0.00019319999999999998 2.784
967 93 0.00019339999999999998 2.7375999999999996
968 93 0.0001936 2.7375999999999996
969 93 0.0001938 2.7375999999999996
970 96 0.000194 2.8768
971 93 0.0001942 2.7375999999999996
972 94 0.00019439999999999998 2.784
973 94 0.0001946 2.784
974 97 0.0001948 2.9231999999999996
975 94 0.000195 2.784
976 95 0.0001952 2.8304
977 94 0.00019539999999999998 2.784
978 96 0.00019559999999999998 2.8768
979 96 0.0001958 2.8768
980 96 0.000196 2.8768
981 94 0.0001962 2.784
982 98 0.0001964 2.9696
983 97 0.00019659999999999998 2.9231999999999996
984 97 0.00019679999999999999 2.9231999999999996
985 95 0.000197 2.8304
986 96 0.0001972 2.8768
987 96 0.0001974 2.8768
988 95 0.00019759999999999998 2.8304
989 96 0.00019779999999999998 2.8768
990 94 0.000198 2.784
991 98 0.0001982 2.9696
992 98 0.0001984 2.9696
993 97 0.0001986 2.9231999999999996
994 99 0.00019879999999999998 3.016
995 97 0.00019899999999999999 2.9231999999999996
996 96 0.0001992 2.8768
997 99 0.0001994 3.016
998 97 0.0001996 2.9231999999999996
999 97 0.00019979999999999998 2.9231999999999996
1000 99 0.00019999999999999998 3.016
1001 97 0.0002002 2.9231999999999996
1002 98 0.0002004 2.9696
1003 100 0.0002006 3.0624
1004 100 0.0002008 3.0624
1005 98 0.00020099999999999998 2.9696
1006 99 0.00020119999999999998 3.016
1007 100 0.0002014 3.0624
1008 102 0.0002016 3.1552
1009 99 0.0002018 3.016
1010 101 0.000202 3.1087999999999996
1011 100 0.00020219999999999998 3.0624
1012 100 0.0002024 3.0624
1013 100 0.0002026 3.0624
1014 102 0.0002028 3.1552
1015 100 0.000203 3.0624
1016 102 0.00020319999999999998 3.1552
1017 101 0.00020339999999999998 3.1087999999999996
1018 102 0.0002036 3.1552
1019 101 0.0002038 3.1087999999999996
1020 102 0.000204 3.1552
1021 101 0.0002042 3.1087999999999996
1022 102 0.00020439999999999998 3.1552
1023 104 0.00020459999999999999 3.2479999999999998
1024 102 0.0002048 3.1552
1025 102 0.000205 3.1552
1026 102 0.0002052 3.1552
1027 103 0.00020539999999999998 3.2016
1028 105 0.00020559999999999998 3.2943999999999996
1029 106 0.0002058 3.3407999999999998
1030 104 0.000206 3.2479999999999998
1031 105 0.0002062 3.2943999999999996
1032 104 0.0002064 3.2479999999999998
1033 104 0.00020659999999999998 3.2479999999999998
1034 105 0.00020679999999999999 3.2943999999999996
1035 102 0.000207 3.1552
1036 106 0.0002072 3.3407999999999998
1037 105 0.0002074 3.2943999999999996
1038 104 0.00020759999999999998 3.2479999999999998
1039 104 0.00020779999999999998 3.2479999999999998
1040 108 0.000208 3.4335999999999998
1041 105 0.0002082 3.2943999999999996
1042 106 0.0002084 3.3407999999999998
1043 105 0.0002086 3.2943999999999996
1044 107 0.00020879999999999998 3.3872
1045 107 0.00020899999999999998 3.3872
1046 108 0.0002092 3.4335999999999998
1047 107 0.0002094 3.3872
1048 108 0.0002096 3.4335999999999998
1049 108 0.0002098 3.4335999999999998
1050 107 0.00020999999999999998 3.3872
1051 106 0.0002102 3.3407999999999998
1052 109 0.0002104 3.4799999999999995
1053 111 0.0002106 3.5728
1054 107 0.0002108 3.3872
1055 107 0.00021099999999999998 3.3872
1056 108 0.00021119999999999998 3.4335999999999998
1057 110 0.0002114 3.5263999999999998
1058 110 0.0002116 3.5263999999999998
1059 109 0.0002118 3.4799999999999995
1060 107 0.000212 3.3872
1061 110 0.00021219999999999998 3.5263999999999998
1062 107 0.00021239999999999999 3.3872
1063 109 0.0002126 3.4799999999999995
1064 111 0.0002128 3.5728
1065 109 0.000213 3.4799999999999995
1066 111 0.00021319999999999998 3.5728
1067 111 0.00021339999999999998 3.5728
1068 109 0.0002136 3.4799999999999995
1069 112 0.0002138 3.6191999999999998
1070 109 0.000214 3.4799999999999995
1071 111 0.0002142 3.5728
1072 112 0.00021439999999999998 3.6191999999999998
1073 112 0.00021459999999999998 3.6191999999999998
1074 113 0.0002148 3.6655999999999995
1075 111 0.000215 3.5728
1076 113 0.0002152 3.6655999999999995
1077 114 0.00021539999999999998 3.7119999999999997
1078 114 0.00021559999999999998 3.7119999999999997
1079 115 0.0002158 3.7584
1080 113 0.000216 3.6655999999999995
1081 112 0.0002162 3.6191999999999998
1082 114 0.0002164 3.7119999999999997
1083 115 0.00021659999999999998 3.7584
1084 114 0.00021679999999999998 3.7119999999999997
1085 113 0.000217 3.6655999999999995
1086 113 0.0002172 3.6655999999999995
1087 113 0.0002174 3.6655999999999995
1088 114 0.00021759999999999998 3.7119999999999997
1089 112 0.00021779999999999998 3.6191999999999998
1090 116 0.00021799999999999999 3.8047999999999997
1091 115 0.0002182 3.7584
1092 115 0.0002184 3.7584
1093 115 0.0002186 3.7584
1094 117 0.00021879999999999998 3.8511999999999995
1095 115 0.00021899999999999998 3.7584
1096 116 0.0002192 3.8047999999999997
1097 116 0.0002194 3.8047999999999997
1098 118 0.0002196 3.8975999999999997
1099 116 0.0002198 3.8047999999999997
1100 116 0.00021999999999999998 3.8047999999999997
1101 115 0.00022019999999999999 3.7584
1102 118 0.0002204 3.8975999999999997
1103 119 0.0002206 3.944
1104 118 0.0002208 3.8975999999999997
1105 117 0.00022099999999999998 3.8511999999999995
1106 119 0.00022119999999999998 3.944
1107 119 0.0002214 3.944
1108 117 0.0002216 3.8511999999999995
1109 117 0.0002218 3.8511999999999995
1110 118 0.000222 3.8975999999999997
1111 119 0.00022219999999999998 3.944
1112 118 0.00022239999999999998 3.8975999999999997
1113 118 0.0002226 3.8975999999999997
1114 118 0.0002228 3.8975999999999997
1115 120 0.000223 3.9903999999999997
1116 119 0.00022319999999999998 3.944
1117 121 0.00022339999999999998 4.0367999999999995
1118 121 0.0002236 4.0367999999999995
1119 120 0.0002238 3.9903999999999997
1120 119 0.000224 3.944
1121 120 0.0002242 3.9903999999999997
1122 121 0.00022439999999999998 4.0367999999999995
1123 122 0.00022459999999999998 4.0832
1124 123 0.0002248 4.1296
1125 121 0.000225 4.0367999999999995
1126 120 0.0002252 3.9903999999999997
1127 123 0.00022539999999999998 4.1296
1128 123 0.00022559999999999998 4.1296
1129 122 0.00022579999999999999 4.0832
1130 123 0.000226 4.1296
1131 122 0.0002262 4.0832
1132 123 0.0002264 4.1296
1133 123 0.00022659999999999998 4.1296
1134 122 0.00022679999999999998 4.0832
1135 125 0.000227 4.2223999999999995
1136 123 0.0002272 4.1296
1137 122 0.0002274 4.0832
1138 124 0.0002276 4.176
1139 125 0.00022779999999999998 4.2223999999999995
1140 127 0.00022799999999999999 4.3152
1141 123 0.0002282 4.1296
1142 122 0.0002284 4.0832
1143 123 0.0002286 4.1296
1144 126 0.00022879999999999998 4.2688
1145 124 0.00022899999999999998 4.176
1146 124 0.0002292 4.176
1147 125 0.0002294 4.2223999999999995
1148 126 0.0002296 4.2688
1149 125 0.0002298 4.2223999999999995
1150 127 0.00022999999999999998 4.3152
1151 126 0.00023019999999999998 4.2688
1152 128 0.0002304 4.361599999999999
1153 127 0.0002306 4.3152
1154 126 0.0002308 4.2688
1155 127 0.00023099999999999998 4.3152
1156 129 0.00023119999999999998 4.4079999999999995
1157 128 0.0002314 4.361599999999999
1158 127 0.0002316 4.3152
1159 126 0.0002318 4.2688
1160 129 0.000232 4.4079999999999995
1161 126 0.00023219999999999998 4.2688
1162 127 0.00023239999999999998 4.3152
1163 128 0.0002326 4.361599999999999
1164 130 0.0002328 4.4544
1165 129 0.000233 4.4079999999999995
1166 128 0.00023319999999999998 4.361599999999999
1167 129 0.00023339999999999998 4.4079999999999995
1168 133 0.00023359999999999999 4.5935999999999995
1169 128 0.0002338 4.361599999999999
1170 129 0.000234 4.4079999999999995
1171 131 0.0002342 4.5008
1172 131 0.00023439999999999998 4.5008
1173 132 0.00023459999999999998 4.5472
1174 131 0.0002348 4.5008
1175 131 0.000235 4.5008
1176 132 0.0002352 4.5472
1177 132 0.0002354 4.5472
1178 133 0.00023559999999999998 4.5935999999999995
1179 132 0.00023579999999999999 4.5472
1180 131 0.000236 4.5008
1181 133 0.0002362 4.5935999999999995
1182 135 0.0002364 4.6864
1183 131 0.00023659999999999998 4.5008
1184 134 0.00023679999999999998 4.64
1185 133 0.000237 4.5935999999999995
1186 132 0.0002372 4.5472
1187 132 0.0002374 4.5472
1188 131 0.0002376 4.5008
1189 135 0.00023779999999999998 4.6864
1190 134 0.00023799999999999998 4.64
1191 134 0.0002382 4.64
1192 134 0.0002384 4.64
1193 135 0.0002386 4.6864
1194 134 0.00023879999999999998 4.64
1195 135 0.00023899999999999998 4.6864
1196 134 0.0002392 4.64
1197 135 0.0002394 4.6864
1198 137 0.0002396 4.7791999999999994
1199 135 0.0002398 4.6864
1200 135 0.00023999999999999998 4.6864
1201 138 0.00024019999999999998 4.8256
1202 137 0.0002404 4.7791999999999994
1203 136 0.0002406 4.732799999999999
1204 137 0.0002408 4.7791999999999994
1205 137 0.00024099999999999998 4.7791999999999994
1206 140 0.00024119999999999998 4.9184
1207 136 0.00024139999999999999 4.732799999999999
1208 137 0.0002416 4.7791999999999994
1209 137 0.0002418 4.7791999999999994
1210 137 0.000242 4.7791999999999994
1211 136 0.00024219999999999998 4.732799999999999
1212 137 0.00024239999999999998 4.7791999999999994
1213 137 0.0002426 4.7791999999999994
1214 139 0.0002428 4.872
1215 140 0.000243 4.9184
1216 139 0.0002432 4.872
1217 139 0.00024339999999999998 4.872
1218 139 0.00024359999999999999 4.872
1219 138 0.0002438 4.8256
1220 139 0.000244 4.872
1221 140 0.00024419999999999997 4.9184
1222 141 0.0002444 4.964799999999999
1223 142 0.0002446 5.0112
1224 141 0.0002448 4.964799999999999
1225 139 0.000245 4.872
1226 142 0.0002452 5.0112
1227 142 0.0002454 5.0112
1228 141 0.0002456 4.964799999999999
1229 142 0.0002458 5.0112
1230 141 0.00024599999999999996 4.964799999999999
1231 141 0.00024619999999999997 4.964799999999999
1232 141 0.00024639999999999997 4.964799999999999
1233 141 0.0002466 4.964799999999999
1234 143 0.0002468 5.0576
1235 143 0.000247 5.0576
1236 141 0.0002472 4.964799999999999
1237 143 0.0002474 5.0576
1238 144 0.0002476 5.103999999999999
1239 144 0.0002478 5.103999999999999
1240 143 0.000248 5.0576
1241 142 0.0002482 5.0112
1242 143 0.00024839999999999997 5.0576
1243 145 0.00024859999999999997 5.150399999999999
1244 144 0.0002488 5.103999999999999
1245 144 0.000249 5.103999999999999
1246 145 0.0002492 5.150399999999999
1247 145 0.0002494 5.150399999999999
1248 146 0.0002496 5.1968
1249 142 0.0002498 5.0112
1250 146 0.00025 5.1968
1251 146 0.0002502 5.1968
1252 146 0.0002504 5.1968
1253 145 0.00025059999999999997 5.150399999999999
1254 145 0.00025079999999999997 5.150399999999999
1255 146 0.000251 5.1968
1256 146 0.0002512 5.1968
1257 146 0.0002514 5.1968
1258 146 0.0002516 5.1968
1259 148 0.0002518 5.2896
1260 145 0.000252 5.150399999999999
1261 147 0.0002522 5.2432
1262 146 0.0002524 5.1968
1263 147 0.0002526 5.2432
1264 147 0.00025279999999999996 5.2432
1265 147 0.00025299999999999997 5.2432
1266 148 0.0002532 5.2896
1267 149 0.0002534 5.335999999999999
1268 148 0.0002536 5.2896
1269 147 0.0002538 5.2432
1270 148 0.000254 5.2896
1271 149 0.0002542 5.335999999999999
1272 150 0.0002544 5.3824
1273 147 0.0002546 5.2432
1274 147 0.0002548 5.2432
1275 151 0.00025499999999999996 5.4288
1276 150 0.00025519999999999997 5.3824
1277 149 0.0002554 5.335999999999999
1278 150 0.0002556 5.3824
1279 151 0.0002558 5.4288
1280 152 0.000256 5.475199999999999
1281 151 0.0002562 5.4288
1282 149 0.0002564 5.335999999999999
1283 151 0.0002566 5.4288
1284 152 0.0002568 5.475199999999999
1285 151 0.000257 5.4288
1286 149 0.00025719999999999996 5.335999999999999
1287 150 0.00025739999999999997 5.3824
1288 151 0.0002576 5.4288
1289 153 0.0002578 5.521599999999999
1290 151 0.000258 5.4288
1291 152 0.0002582 5.475199999999999
1292 153 0.0002584 5.521599999999999
1293 152 0.0002586 5.475199999999999
1294 152 0.0002588 5.475199999999999
1295 152 0.000259 5.475199999999999
1296 153 0.0002592 5.521599999999999
1297 155 0.00025939999999999996 5.6144
1298 152 0.00025959999999999997 5.475199999999999
1299 153 0.00025979999999999997 5.521599999999999
1300 156 0.00026 5.6608
1301 154 0.0002602 5.568
1302 153 0.0002604 5.521599999999999
1303 154 0.0002606 5.568
1304 154 0.0002608 5.568
1305 156 0.000261 5.6608
1306 153 0.0002612 5.521599999999999
1307 153 0.0002614 5.521599999999999
1308 154 0.00026159999999999996 5.568
1309 155 0.00026179999999999997 5.6144
1310 154 0.00026199999999999997 5.568
1311 155 0.0002622 5.6144
1312 155 0.0002624 5.6144
1313 157 0.0002626 5.707199999999999
1314 156 0.0002628 5.6608
1315 155 0.000263 5.6144
1316 156 0.0002632 5.6608
1317 156 0.0002634 5.6608
1318 156 0.0002636 5.6608
1319 158 0.00026379999999999996 5.7536
1320 157 0.00026399999999999997 5.707199999999999
1321 157 0.00026419999999999997 5.707199999999999
1322 158 0.0002644 5.7536
1323 156 0.0002646 5.6608
1324 157 0.0002648 5.707199999999999
1325 159 0.000265 5.8
1326 160 0.0002652 5.846399999999999
1327 158 0.0002654 5.7536
1328 159 0.0002656 5.8
1329 158 0.0002658 5.7536
1330 159 0.000266 5.8
1331 159 0.00026619999999999997 5.8
1332 159 0.00026639999999999997 5.8
1333 160 0.0002666 5.846399999999999
1334 159 0.0002668 5.8
1335 160 0.000267 5.846399999999999
1336 159 0.0002672 5.8
1337 161 0.0002674 5.892799999999999
1338 161 0.0002676 5.892799999999999
1339 160 0.0002678 5.846399999999999
1340 159 0.000268 5.8
1341 161 0.0002682 5.892799999999999
1342 161 0.00026839999999999996 5.892799999999999
1343 162 0.00026859999999999997 5.9392
1344 160 0.0002688 5.846399999999999
1345 161 0.000269 5.892799999999999
1346 162 0.0002692 5.9392
1347 163 0.0002694 5.9856
1348 162 0.0002696 5.9392
1349 161 0.0002698 5.892799999999999
1350 164 0.00027 6.032
1351 163 0.0002702 5.9856
1352 161 0.0002704 5.892799999999999
1353 163 0.00027059999999999996 5.9856
1354 164 0.00027079999999999997 6.032
1355 165 0.000271 6.078399999999999
1356 162 0.0002712 5.9392
1357 162 0.0002714 5.9392
1358 163 0.0002716 5.9856
1359 163 0.0002718 5.9856
1360 162 0.000272 5.9392
1361 162 0.0002722 5.9392
1362 164 0.0002724 6.032
1363 164 0.0002726 6.032
1364 163 0.00027279999999999996 5.9856
1365 162 0.00027299999999999997 5.9392
1366 166 0.00027319999999999997 6.1248
1367 163 0.0002734 5.9856
1368 163 0.0002736 5.9856
1369 164 0.0002738 6.032
1370 166 0.000274 6.1248
1371 165 0.0002742 6.078399999999999
1372 164 0.0002744 6.032
1373 165 0.0002746 6.078399999999999
1374 168 0.0002748 6.217599999999999
1375 166 0.00027499999999999996 6.1248
1376 167 0.00027519999999999997 6.1712
1377 164 0.00027539999999999997 6.032
1378 166 0.0002756 6.1248
1379 166 0.0002758 6.1248
1380 166 0.000276 6.1248
1381 165 0.0002762 6.078399999999999
1382 167 0.0002764 6.1712
1383 169 0.0002766 6.263999999999999
1384 166 0.0002768 6.1248
1385 166 0.000277 6.1248
1386 166 0.00027719999999999996 6.1248
1387 169 0.00027739999999999997 6.263999999999999
1388 167 0.00027759999999999997 6.1712
1389 168 0.0002778 6.217599999999999
1390 169 0.000278 6.263999999999999
1391 169 0.0002782 6.263999999999999
1392 166 0.0002784 6.1248
1393 168 0.0002786 6.217599999999999
1394 168 0.0002788 6.217599999999999
1395 169 0.000279 6.263999999999999
1396 170 0.0002792 6.3104
1397 166 0.00027939999999999996 6.1248
1398 167 0.00027959999999999997 6.1712
1399 170 0.00027979999999999997 6.3104
1400 169 0.00028 6.263999999999999
1401 168 0.0002802 6.217599999999999
1402 169 0.0002804 6.263999999999999
1403 169 0.0002806 6.263999999999999
1404 171 0.0002808 6.3568
1405 170 0.000281 6.3104
1406 169 0.0002812 6.263999999999999
1407 170 0.0002814 6.3104
1408 170 0.0002816 6.3104
1409 170 0.00028179999999999997 6.3104
1410 171 0.00028199999999999997 6.3568
1411 169 0.0002822 6.263999999999999
1412 172 0.0002824 6.4032
1413 173 0.0002826 6.449599999999999
1414 170 0.0002828 6.3104
1415 171 0.000283 6.3568
1416 172 0.0002832 6.4032
1417 172 0.0002834 6.4032
1418 172 0.0002836 6.4032
1419 173 0.0002838 6.449599999999999
1420 172 0.00028399999999999996 6.4032
1421 173 0.00028419999999999997 6.449599999999999
1422 172 0.0002844 6.4032
1423 173 0.0002846 6.449599999999999
1424 175 0.0002848 6.5424
1425 173 0.000285 6.449599999999999
1426 173 0.0002852 6.449599999999999
1427 173 0.0002854 6.449599999999999
1428 174 0.0002856 6.4959999999999996
1429 174 0.0002858 6.4959999999999996
1430 175 0.000286 6.5424
1431 174 0.00028619999999999996 6.4959999999999996
1432 176 0.00028639999999999997 6.588799999999999
1433 175 0.0002866 6.5424
1434 173 0.0002868 6.449599999999999
1435 175 0.000287 6.5424
1436 177 0.0002872 6.635199999999999
1437 174 0.0002874 6.4959999999999996
1438 174 0.0002876 6.4959999999999996
1439 174 0.0002878 6.4959999999999996
1440 176 0.000288 6.588799999999999
1441 176 0.0002882 6.588799999999999
1442 177 0.00028839999999999996 6.635199999999999
1443 175 0.00028859999999999997 6.5424
1444 175 0.00028879999999999997 6.5424
1445 176 0.000289 6.588799999999999
1446 176 0.0002892 6.588799999999999
1447 177 0.0002894 6.635199999999999
1448 176 0.0002896 6.588799999999999
1449 178 0.0002898 6.6815999999999995
1450 177 0.00029 6.635199999999999
1451 176 0.0002902 6.588799999999999
1452 176 0.0002904 6.588799999999999
1453 178 0.00029059999999999996 6.6815999999999995
1454 179 0.00029079999999999997 6.728
1455 178 0.00029099999999999997 6.6815999999999995
1456 175 0.0002912 6.5424
1457 178 0.0002914 6.6815999999999995
1458 177 0.0002916 6.635199999999999
1459 178 0.0002918 6.6815999999999995
1460 176 0.000292 6.588799999999999
1461 178 0.0002922 6.6815999999999995
1462 179 0.0002924 6.728
1463 176 0.0002926 6.588799999999999
1464 177 0.00029279999999999996 6.635199999999999
1465 180 0.00029299999999999997 6.7744
1466 178 0.00029319999999999997 6.6815999999999995
1467 178 0.0002934 6.6815999999999995
1468 178 0.0002936 6.6815999999999995
1469 182 0.0002938 6.8671999999999995
1470 179 0.000294 6.728
1471 179 0.0002942 6.728
1472 179 0.0002944 6.728
1473 179 0.0002946 6.728
1474 181 0.0002948 6.820799999999999
1475 181 0.00029499999999999996 6.820799999999999
1476 178 0.00029519999999999997 6.6815999999999995
1477 179 0.00029539999999999997 6.728
1478 180 0.0002956 6.7744
1479 182 0.0002958 6.8671999999999995
1480 178 0.000296 6.6815999999999995
1481 179 0.0002962 6.728
1482 182 0.0002964 6.8671999999999995
1483 181 0.0002966 6.820799999999999
1484 181 0.0002968 6.820799999999999
1485 181 0.000297 6.820799999999999
1486 181 0.00029719999999999996 6.820799999999999
1487 180 0.00029739999999999996 6.7744
1488 181 0.00029759999999999997 6.820799999999999
1489 183 0.0002978 6.9136
1490 183 0.000298 6.9136
1491 181 0.0002982 6.820799999999999
1492 183 0.0002984 6.9136
1493 181 0.0002986 6.820799999999999
1494 182 0.0002988 6.8671999999999995
1495 184 0.000299 6.959999999999999
1496 181 0.0002992 6.820799999999999
1497 183 0.0002994 6.9136
1498 185 0.00029959999999999996 7.006399999999999
1499 185 0.00029979999999999997 7.006399999999999
1500 183 0.0003 6.9136
1501 182 0.0003002 6.8671999999999995
1502 182 0.0003004 6.8671999999999995
1503 186 0.0003006 7.0527999999999995
1504 182 0.0003008 6.8671999999999995
1505 183 0.000301 6.9136
1506 183 0.0003012 6.9136
1507 183 0.0003014 6.9136
1508 183 0.0003016 6.9136
1509 184 0.00030179999999999996 6.959999999999999
1510 183 0.00030199999999999997 6.9136
1511 184 0.0003022 6.959999999999999
1512 185 0.0003024 7.006399999999999
1513 185 0.0003026 7.006399999999999
1514 184 0.0003028 6.959999999999999
1515 184 0.000303 6.959999999999999
1516 184 0.0003032 6.959999999999999
1517 184 0.0003034 6.959999999999999
1518 186 0.0003036 7.0527999999999995
1519 187 0.0003038 7.0992
1520 186 0.00030399999999999996 7.0527999999999995
1521 186 0.00030419999999999997 7.0527999999999995
1522 185 0.00030439999999999997 7.006399999999999
1523 188 0.0003046 7.1456
1524 187 0.0003048 7.0992
1525 184 0.000305 6.959999999999999
1526 187 0.0003052 7.0992
1527 187 0.0003054 7.0992
1528 189 0.0003056 7.191999999999999
1529 187 0.0003058 7.0992
1530 187 0.000306 7.0992
1531 189 0.00030619999999999996 7.191999999999999
1532 187 0.00030639999999999997 7.0992
1533 187 0.00030659999999999997 7.0992
1534 187 0.0003068 7.0992
1535 190 0.000307 7.2383999999999995
1536 188 0.0003072 7.1456
1537 187 0.0003074 7.0992
1538 186 0.0003076 7.0527999999999995
1539 189 0.0003078 7.191999999999999
1540 189 0.000308 7.191999999999999
1541 189 0.0003082 7.191999999999999
1542 187 0.00030839999999999996 7.0992
1543 187 0.00030859999999999997 7.0992
1544 189 0.00030879999999999997 7.191999999999999
1545 189 0.000309 7.191999999999999
1546 190 0.0003092 7.2383999999999995
1547 190 0.0003094 7.2383999999999995
1548 192 0.0003096 7.331199999999999
1549 191 0.0003098 7.2848
1550 189 0.00031 7.191999999999999
1551 189 0.0003102 7.191999999999999
1552 191 0.0003104 7.2848
1553 190 0.00031059999999999996 7.2383999999999995
1554 191 0.00031079999999999997 7.2848
1555 188 0.00031099999999999997 7.1456
1556 191 0.0003112 7.2848
1557 187 0.0003114 7.0992
1558 190 0.0003116 7.2383999999999995
1559 190 0.0003118 7.2383999999999995
1560 190 0.000312 7.2383999999999995
1561 192 0.0003122 7.331199999999999
1562 188 0.0003124 7.1456
1563 188 0.0003126 7.1456
1564 191 0.00031279999999999996 7.2848
1565 191 0.00031299999999999996 7.2848
1566 191 0.00031319999999999997 7.2848
1567 191 0.0003134 7.2848
1568 192 0.0003136 7.331199999999999
1569 192 0.0003138 7.331199999999999
1570 190 0.000314 7.2383999999999995
1571 193 0.0003142 7.377599999999999
1572 193 0.0003144 7.377599999999999
1573 194 0.0003146 7.4239999999999995
1574 193 0.0003148 7.377599999999999
1575 192 0.00031499999999999996 7.331199999999999
1576 192 0.00031519999999999996 7.331199999999999
1577 192 0.00031539999999999997 7.331199999999999
1578 193 0.0003156 7.377599999999999
1579 191 0.0003158 7.2848
1580 192 0.000316 7.331199999999999
1581 193 0.0003162 7.377599999999999
1582 191 0.0003164 7.2848
1583 193 0.0003166 7.377599999999999
1584 192 0.0003168 7.331199999999999
1585 193 0.000317 7.377599999999999
1586 194 0.0003172 7.4239999999999995
1587 193 0.00031739999999999996 7.377599999999999
1588 194 0.00031759999999999997 7.4239999999999995
1589 194 0.00031779999999999997 7.4239999999999995
1590 192 0.000318 7.331199999999999
1591 194 0.0003182 7.4239999999999995
1592 193 0.0003184 7.377599999999999
1593 194 0.0003186 7.4239999999999995
1594 194 0.0003188 7.4239999999999995
1595 192 0.000319 7.331199999999999
1596 193 0.0003192 7.377599999999999
1597 195 0.0003194 7.4704
1598 195 0.00031959999999999996 7.4704
1599 196 0.00031979999999999997 7.5168
1600 192 0.00031999999999999997 7.331199999999999
1601 194 0.0003202 7.4239999999999995
1602 197 0.0003204 7.563199999999999
1603 194 0.0003206 7.4239999999999995
1604 194 0.0003208 7.4239999999999995
1605 194 0.000321 7.4239999999999995
1606 195 0.0003212 7.4704
1607 196 0.0003214 7.5168
1608 194 0.0003216 7.4239999999999995
1609 194 0.00032179999999999996 7.4239999999999995
1610 196 0.00032199999999999997 7.5168
1611 195 0.00032219999999999997 7.4704
1612 194 0.0003224 7.4239999999999995
1613 195 0.0003226 7.4704
1614 196 0.0003228 7.5168
1615 194 0.000323 7.4239999999999995
1616 196 0.0003232 7.5168
1617 197 0.0003234 7.563199999999999
1618 197 0.0003236 7.563199999999999
1619 196 0.0003238 7.5168
1620 196 0.00032399999999999996 7.5168
1621 196 0.00032419999999999997 7.5168
1622 197 0.00032439999999999997 7.563199999999999
1623 197 0.0003246 7.563199999999999
1624 198 0.0003248 7.6095999999999995
1625 198 0.000325 7.6095999999999995
1626 197 0.0003252 7.563199999999999
1627 198 0.0003254 7.6095999999999995
1628 198 0.0003256 7.6095999999999995
1629 196 0.0003258 7.5168
1630 198 0.000326 7.6095999999999995
1631 197 0.00032619999999999996 7.563199999999999
1632 197 0.00032639999999999996 7.563199999999999
1633 198 0.00032659999999999997 7.6095999999999995
1634 200 0.0003268 7.702399999999999
1635 197 0.000327 7.563199999999999
1636 198 0.0003272 7.6095999999999995
1637 197 0.0003274 7.563199999999999
1638 198 0.0003276 7.6095999999999995
1639 198 0.0003278 7.6095999999999995
1640 200 0.000328 7.702399999999999
1641 199 0.0003282 7.656
1642 199 0.00032839999999999996 7.656
1643 199 0.00032859999999999996 7.656
1644 200 0.00032879999999999997 7.702399999999999
1645 198 0.000329 7.6095999999999995
1646 199 0.0003292 7.656
1647 202 0.0003294 7.7951999999999995
1648 200 0.0003296 7.702399999999999
1649 199 0.0003298 7.656
1650 201 0.00033 7.748799999999999
1651 202 0.0003302 7.7951999999999995
1652 202 0.0003304 7.7951999999999995
1653 200 0.00033059999999999996 7.702399999999999
1654 199 0.00033079999999999996 7.656
1655 202 0.00033099999999999997 7.7951999999999995
1656 198 0.0003312 7.6095999999999995
1657 200 0.0003314 7.702399999999999
1658 199 0.0003316 7.656
1659 199 0.0003318 7.656
1660 201 0.000332 7.748799999999999
1661 199 0.0003322 7.656
1662 199 0.0003324 7.656
1663 201 0.0003326 7.748799999999999
1664 199 0.00033279999999999996 7.656
1665 201 0.00033299999999999996 7.748799999999999
1666 201 0.00033319999999999997 7.748799999999999
1667 202 0.00033339999999999997 7.7951999999999995
1668 202 0.0003336 7.7951999999999995
1669 201 0.0003338 7.748799999999999
1670 201 0.000334 7.748799999999999
1671 202 0.0003342 7.7951999999999995
1672 204 0.0003344 7.888
1673 204 0.0003346 7.888
1674 200 0.0003348 7.702399999999999
1675 201 0.000335 7.748799999999999
1676 203 0.00033519999999999996 7.8416
1677 203 0.00033539999999999997 7.8416
1678 202 0.00033559999999999997 7.7951999999999995
1679 202 0.0003358 7.7951999999999995
1680 203 0.000336 7.8416
1681 202 0.0003362 7.7951999999999995
1682 201 0.0003364 7.748799999999999
1683 201 0.0003366 7.748799999999999
1684 204 0.0003368 7.888
1685 204 0.000337 7.888
1686 201 0.0003372 7.748799999999999
1687 203 0.00033739999999999996 7.8416
1688 202 0.00033759999999999997 7.7951999999999995
1689 203 0.00033779999999999997 7.8416
1690 203 0.000338 7.8416
1691 202 0.0003382 7.7951999999999995
1692 204 0.0003384 7.888
1693 205 0.0003386 7.934399999999999
1694 201 0.0003388 7.748799999999999
1695 204 0.000339 7.888
1696 205 0.0003392 7.934399999999999
1697 206 0.0003394 7.9807999999999995
1698 204 0.00033959999999999996 7.888
1699 204 0.00033979999999999997 7.888
1700 203 0.00033999999999999997 7.8416
1701 205 0.0003402 7.934399999999999
1702 203 0.0003404 7.8416
1703 203 0.0003406 7.8416
1704 204 0.0003408 7.888
1705 204 0.000341 7.888
1706 206 0.0003412 7.9807999999999995
1707 204 0.0003414 7.888
1708 203 0.0003416 7.8416
1709 205 0.00034179999999999996 7.934399999999999
1710 205 0.00034199999999999996 7.934399999999999
1711 204 0.00034219999999999997 7.888
1712 203 0.0003424 7.8416
1713 206 0.0003426 7.9807999999999995
1714 204 0.0003428 7.888
1715 206 0.000343 7.9807999999999995
1716 206 0.0003432 7.9807999999999995
1717 205 0.0003434 7.934399999999999
1718 204 0.0003436 7.888
1719 204 0.0003438 7.888
1720 205 0.00034399999999999996 7.934399999999999
1721 205 0.00034419999999999996 7.934399999999999
1722 207 0.00034439999999999997 8.027199999999999
1723 206 0.0003446 7.9807999999999995
1724 206 0.0003448 7.9807999999999995
1725 206 0.000345 7.9807999999999995
1726 208 0.0003452 8.073599999999999
1727 206 0.0003454 7.9807999999999995
1728 205 0.0003456 7.934399999999999
1729 207 0.0003458 8.027199999999999
1730 208 0.000346 8.073599999999999
1731 206 0.00034619999999999996 7.9807999999999995
1732 205 0.00034639999999999996 7.934399999999999
1733 207 0.00034659999999999997 8.027199999999999
1734 206 0.00034679999999999997 7.9807999999999995
1735 205 0.000347 7.934399999999999
1736 205 0.0003472 7.934399999999999
1737 207 0.0003474 8.027199999999999
1738 207 0.0003476 8.027199999999999
1739 207 0.0003478 8.027199999999999
1740 207 0.000348 8.027199999999999
1741 206 0.0003482 7.9807999999999995
1742 208 0.00034839999999999996 8.073599999999999
1743 207 0.00034859999999999996 8.027199999999999
1744 206 0.00034879999999999997 7.9807999999999995
1745 208 0.00034899999999999997 8.073599999999999
1746 209 0.0003492 8.12
1747 207 0.0003494 8.027199999999999
1748 205 0.0003496 7.934399999999999
1749 207 0.0003498 8.027199999999999
1750 208 0.00035 8.073599999999999
1751 207 0.0003502 8.027199999999999
1752 206 0.0003504 7.9807999999999995
1753 206 0.0003506 7.9807999999999995
1754 209 0.00035079999999999996 8.12
1755 206 0.00035099999999999997 7.9807999999999995
1756 207 0.00035119999999999997 8.027199999999999
1757 208 0.0003514 8.073599999999999
1758 210 0.0003516 8.1664
1759 208 0.0003518 8.073599999999999
1760 208 0.000352 8.073599999999999
1761 207 0.0003522 8.027199999999999
1762 208 0.0003524 8.073599999999999
1763 208 0.0003526 8.073599999999999
1764 210 0.0003528 8.1664
1765 209 0.00035299999999999996 8.12
1766 210 0.00035319999999999997 8.1664
1767 209 0.00035339999999999997 8.12
1768 207 0.0003536 8.027199999999999
1769 209 0.0003538 8.12
1770 210 0.000354 8.1664
1771 210 0.0003542 8.1664
1772 211 0.0003544 8.2128
1773 208 0.0003546 8.073599999999999
1774 209 0.0003548 8.12
1775 209 0.000355 8.12
1776 211 0.00035519999999999996 8.2128
1777 208 0.00035539999999999997 8.073599999999999
1778 209 0.00035559999999999997 8.12
1779 209 0.0003558 8.12
1780 209 0.000356 8.12
1781 210 0.0003562 8.1664
1782 209 0.0003564 8.12
1783 210 0.0003566 8.1664
1784 209 0.0003568 8.12
1785 210 0.000357 8.1664
1786 210 0.0003572 8.1664
1787 211 0.00035739999999999996 8.2128
1788 209 0.00035759999999999996 8.12
1789 210 0.00035779999999999997 8.1664
1790 208 0.000358 8.073599999999999
1791 211 0.0003582 8.2128
1792 212 0.0003584 8.2592
1793 209 0.0003586 8.12
1794 209 0.0003588 8.12
1795 211 0.000359 8.2128
1796 211 0.0003592 8.2128
1797 210 0.0003594 8.1664
1798 209 0.00035959999999999996 8.12
1799 210 0.00035979999999999996 8.1664
1800 211 0.00035999999999999997 8.2128
1801 209 0.0003602 8.12
1802 209 0.0003604 8.12
1803 209 0.0003606 8.12
1804 211 0.0003608 8.2128
1805 211 0.000361 8.2128
1806 211 0.0003612 8.2128
1807 211 0.0003614 8.2128
1808 210 0.0003616 8.1664
1809 211 0.00036179999999999996 8.2128
1810 209 0.00036199999999999996 8.12
1811 210 0.00036219999999999997 8.1664
1812 209 0.00036239999999999997 8.12
1813 209 0.0003626 8.12
1814 211 0.0003628 8.2128
1815 212 0.000363 8.2592
1816 213 0.0003632 8.3056
1817 211 0.0003634 8.2128
1818 211 0.0003636 8.2128
1819 211 0.0003638 8.2128
1820 212 0.00036399999999999996 8.2592
1821 212 0.00036419999999999996 8.2592
1822 211 0.00036439999999999997 8.2128
1823 213 0.00036459999999999997 8.3056
1824 211 0.0003648 8.2128
1825 213 0.000365 8.3056
1826 211 0.0003652 8.2128
1827 212 0.0003654 8.2592
1828 213 0.0003656 8.3056
1829 213 0.0003658 8.3056
1830 211 0.000366 8.2128
1831 212 0.00036619999999999996 8.2592
1832 213 0.00036639999999999996 8.3056
1833 213 0.00036659999999999997 8.3056
1834 211 0.00036679999999999997 8.2128
1835 211 0.000367 8.2128
1836 212 0.0003672 8.2592
1837 212 0.0003674 8.2592
1838 213 0.0003676 8.3056
1839 210 0.0003678 8.1664
1840 210 0.000368 8.1664
1841 211 0.0003682 8.2128
1842 214 0.0003684 8.352
1843 211 0.00036859999999999996 8.2128
1844 213 0.00036879999999999997 8.3056
1845 214 0.00036899999999999997 8.352
1846 213 0.0003692 8.3056
1847 213 0.0003694 8.3056
1848 212 0.0003696 8.2592
1849 213 0.0003698 8.3056
1850 212 0.00037 8.2592
1851 213 0.0003702 8.3056
1852 210 0.0003704 8.1664
1853 214 0.0003706 8.352
1854 212 0.00037079999999999996 8.2592
1855 211 0.00037099999999999996 8.2128
1856 211 0.00037119999999999997 8.2128
1857 211 0.0003714 8.2128
1858 213 0.0003716 8.3056
1859 211 0.0003718 8.2128
1860 212 0.000372 8.2592
1861 214 0.0003722 8.352
1862 211 0.0003724 8.2128
1863 213 0.0003726 8.3056
1864 214 0.0003728 8.352
1865 214 0.00037299999999999996 8.352
1866 212 0.00037319999999999996 8.2592
1867 212 0.00037339999999999997 8.2592
1868 213 0.0003736 8.3056
1869 215 0.0003738 8.398399999999999
1870 213 0.000374 8.3056
1871 216 0.0003742 8.444799999999999
1872 213 0.0003744 8.3056
1873 214 0.0003746 8.352
1874 214 0.0003748 8.352
1875 214 0.000375 8.352
1876 212 0.00037519999999999996 8.2592
1877 213 0.00037539999999999996 8.3056
1878 216 0.00037559999999999997 8.444799999999999
1879 213 0.0003758 8.3056
1880 215 0.000376 8.398399999999999
1881 213 0.0003762 8.3056
1882 215 0.0003764 8.398399999999999
1883 213 0.0003766 8.3056
1884 214 0.0003768 8.352
1885 214 0.000377 8.352
1886 214 0.0003772 8.352
1887 213 0.00037739999999999996 8.3056
1888 213 0.00037759999999999996 8.3056
1889 214 0.00037779999999999997 8.352
1890 214 0.00037799999999999997 8.352
1891 215 0.0003782 8.398399999999999
1892 213 0.0003784 8.3056
1893 214 0.0003786 8.352
1894 214 0.0003788 8.352
1895 217 0.000379 8.4912
1896 214 0.0003792 8.352
1897 213 0.0003794 8.3056
1898 214 0.00037959999999999996 8.352
1899 215 0.00037979999999999996 8.398399999999999
1900 214 0.00037999999999999997 8.352
1901 213 0.00038019999999999997 8.3056
1902 214 0.0003804 8.352
1903 214 0.0003806 8.352
1904 213 0.0003808 8.3056
1905 213 0.000381 8.3056
1906 213 0.0003812 8.3056
1907 215 0.0003814 8.398399999999999
1908 215 0.0003816 8.398399999999999
1909 214 0.00038179999999999996 8.352
1910 213 0.00038199999999999996 8.3056
1911 215 0.00038219999999999997 8.398399999999999
1912 214 0.00038239999999999997 8.352
1913 214 0.0003826 8.352
1914 215 0.0003828 8.398399999999999
1915 214 0.000383 8.352
1916 215 0.0003832 8.398399999999999
1917 214 0.0003834 8.352
1918 215 0.0003836 8.398399999999999
1919 215 0.0003838 8.398399999999999
1920 215 0.000384 8.398399999999999
1921 215 0.00038419999999999996 8.398399999999999
1922 216 0.00038439999999999997 8.444799999999999
1923 214 0.00038459999999999997 8.352
1924 216 0.0003848 8.444799999999999
1925 214 0.000385 8.352
1926 214 0.0003852 8.352
1927 216 0.0003854 8.444799999999999
1928 215 0.0003856 8.398399999999999
1929 215 0.0003858 8.398399999999999
1930 215 0.000386 8.398399999999999
1931 215 0.0003862 8.398399999999999
1932 215 0.00038639999999999996 8.398399999999999
1933 214 0.00038659999999999996 8.352
1934 214 0.00038679999999999997 8.352
1935 214 0.000387 8.352
1936 215 0.0003872 8.398399999999999
1937 214 0.0003874 8.352
1938 214 0.0003876 8.352
1939 213 0.0003878 8.3056
1940 215 0.000388 8.398399999999999
1941 214 0.0003882 8.352
1942 216 0.0003884 8.444799999999999
1943 216 0.00038859999999999996 8.444799999999999
1944 216 0.00038879999999999996 8.444799999999999
1945 217 0.00038899999999999997 8.4912
1946 215 0.0003892 8.398399999999999
1947 215 0.0003894 8.398399999999999
1948 216 0.0003896 8.444799999999999
1949 216 0.0003898 8.444799999999999
1950 215 0.00039 8.398399999999999
1951 215 0.0003902 8.398399999999999
1952 215 0.0003904 8.398399999999999
1953 212 0.0003906 8.2592
1954 213 0.00039079999999999996 8.3056
1955 215 0.00039099999999999996 8.398399999999999
1956 216 0.00039119999999999997 8.444799999999999
1957 216 0.00039139999999999997 8.444799999999999
1958 214 0.0003916 8.352
1959 214 0.0003918 8.352
1960 216 0.000392 8.444799999999999
1961 214 0.0003922 8.352
1962 216 0.0003924 8.444799999999999
1963 216 0.0003926 8.444799999999999
1964 216 0.0003928 8.444799999999999
1965 216 0.00039299999999999996 8.444799999999999
1966 215 0.00039319999999999996 8.398399999999999
1967 215 0.00039339999999999997 8.398399999999999
1968 215 0.00039359999999999997 8.398399999999999
1969 216 0.0003938 8.444799999999999
1970 218 0.000394 8.5376
1971 215 0.0003942 8.398399999999999
1972 215 0.0003944 8.398399999999999
1973 215 0.0003946 8.398399999999999
1974 216 0.0003948 8.444799999999999
1975 214 0.000395 8.352
1976 215 0.00039519999999999996 8.398399999999999
1977 216 0.00039539999999999996 8.444799999999999
1978 215 0.00039559999999999997 8.398399999999999
1979 214 0.00039579999999999997 8.352
1980 215 0.000396 8.398399999999999
1981 216 0.0003962 8.444799999999999
1982 216 0.0003964 8.444799999999999
1983 217 0.0003966 8.4912
1984 217 0.0003968 8.4912
1985 217 0.000397 8.4912
1986 216 0.0003972 8.444799999999999
1987 215 0.00039739999999999996 8.398399999999999
1988 217 0.00039759999999999996 8.4912
1989 217 0.00039779999999999997 8.4912
1990 217 0.00039799999999999997 8.4912
1991 216 0.0003982 8.444799999999999
1992 215 0.0003984 8.398399999999999
1993 217 0.0003986 8.4912
1994 218 0.0003988 8.5376
1995 215 0.000399 8.398399999999999
1996 215 0.0003992 8.398399999999999
1997 215 0.0003994 8.398399999999999
1998 218 0.00039959999999999996 8.5376
1999 215 0.00039979999999999996 8.398399999999999
2000 215 0.00039999999999999996 8.398399999999999
2001 215 0.00040019999999999997 8.398399999999999
2002 216 0.0004004 8.444799999999999
2003 215 0.0004006 8.398399999999999
2004 217 0.0004008 8.4912
2005 216 0.000401 8.444799999999999
2006 216 0.0004012 8.444799999999999
2007 217 0.0004014 8.4912
2008 217 0.0004016 8.4912
2009 215 0.0004018 8.398399999999999
2010 216 0.00040199999999999996 8.444799999999999
2011 215 0.00040219999999999996 8.398399999999999
2012 216 0.00040239999999999997 8.444799999999999
2013 218 0.0004026 8.5376
2014 218 0.0004028 8.5376
2015 217 0.000403 8.4912
2016 216 0.0004032 8.444799999999999
2017 217 0.0004034 8.4912
2018 216 0.0004036 8.444799999999999
2019 218 0.0004038 8.5376
2020 217 0.000404 8.4912
2021 216 0.00040419999999999996 8.444799999999999
2022 215 0.00040439999999999996 8.398399999999999
2023 218 0.00040459999999999997 8.5376
2024 216 0.0004048 8.444799999999999
2025 216 0.000405 8.444799999999999
2026 217 0.0004052 8.4912
2027 216 0.0004054 8.444799999999999
2028 216 0.0004056 8.444799999999999
2029 216 0.0004058 8.444799999999999
2030 218 0.000406 8.5376
2031 218 0.0004062 8.5376
2032 215 0.00040639999999999996 8.398399999999999
2033 215 0.00040659999999999996 8.398399999999999
2034 216 0.00040679999999999997 8.444799999999999
2035 218 0.00040699999999999997 8.5376
2036 218 0.0004072 8.5376
2037 217 0.0004074 8.4912
2038 217 0.0004076 8.4912
2039 217 0.0004078 8.4912
2040 216 0.000408 8.444799999999999
2041 216 0.0004082 8.444799999999999
2042 217 0.0004084 8.4912
2043 219 0.00040859999999999996 8.584
2044 219 0.00040879999999999996 8.584
2045 216 0.00040899999999999997 8.444799999999999
2046 216 0.00040919999999999997 8.444799999999999
2047 218 0.0004094 8.5376
2048 217 0.0004096 8.4912
2049 218 0.0004098 8.5376
2050 216 0.00041 8.444799999999999
2051 218 0.0004102 8.5376
2052 215 0.0004104 8.398399999999999
2053 216 0.0004106 8.444799999999999
2054 214 0.00041079999999999996 8.352
2055 217 0.00041099999999999996 8.4912
2056 218 0.00041119999999999997 8.5376
2057 216 0.00041139999999999997 8.444799999999999
2058 215 0.0004116 8.398399999999999
2059 218 0.0004118 8.5376
2060 215 0.000412 8.398399999999999
2061 217 0.0004122 8.4912
2062 217 0.0004124 8.4912
2063 218 0.0004126 8.5376
2064 216 0.0004128 8.444799999999999
2065 216 0.00041299999999999996 8.444799999999999
2066 215 0.00041319999999999996 8.398399999999999
2067 218 0.00041339999999999997 8.5376
2068 218 0.00041359999999999997 8.5376
2069 219 0.0004138 8.584
2070 215 0.000414 8.398399999999999
2071 216 0.0004142 8.444799999999999
2072 219 0.0004144 8.584
2073 218 0.0004146 8.5376
2074 216 0.0004148 8.444799999999999
2075 217 0.000415 8.4912
2076 216 0.00041519999999999995 8.444799999999999
2077 216 0.00041539999999999996 8.444799999999999
2078 217 0.00041559999999999996 8.4912
2079 215 0.00041579999999999997 8.398399999999999
2080 216 0.000416 8.444799999999999
2081 218 0.0004162 8.5376
2082 216 0.0004164 8.444799999999999
2083 218 0.0004166 8.5376
2084 219 0.0004168 8.584
2085 216 0.000417 8.444799999999999
2086 216 0.0004172 8.444799999999999
2087 216 0.00041739999999999995 8.444799999999999
2088 218 0.00041759999999999996 8.5376
2089 219 0.00041779999999999996 8.584
2090 216 0.00041799999999999997 8.444799999999999
2091 215 0.0004182 8.398399999999999
2092 219 0.0004184 8.584
2093 218 0.0004186 8.5376
2094 216 0.0004188 8.444799999999999
2095 216 0.000419 8.444799999999999
2096 217 0.0004192 8.4912
2097 219 0.0004194 8.584
2098 215 0.0004196 8.398399999999999
2099 217 0.00041979999999999996 8.4912
2100 216 0.00041999999999999996 8.444799999999999
2101 216 0.00042019999999999997 8.444799999999999
2102 218 0.0004204 8.5376
2103 216 0.0004206 8.444799999999999
2104 216 0.0004208 8.444799999999999
2105 218 0.000421 8.5376
2106 217 0.0004212 8.4912
2107 217 0.0004214 8.4912
2108 218 0.0004216 8.5376
2109 219 0.0004218 8.584
2110 215 0.00042199999999999996 8.398399999999999
2111 217 0.00042219999999999996 8.4912
2112 217 0.00042239999999999997 8.4912
2113 217 0.00042259999999999997 8.4912
2114 218 0.0004228 8.5376
2115 218 0.000423 8.5376
2116 216 0.0004232 8.444799999999999
2117 219 0.0004234 8.584
2118 218 0.0004236 8.5376
2119 217 0.0004238 8.4912
2120 218 0.000424 8.5376
2121 217 0.00042419999999999996 8.4912
2122 219 0.00042439999999999996 8.584
2123 216 0.00042459999999999997 8.444799999999999
2124 218 0.00042479999999999997 8.5376
2125 219 0.000425 8.584
2126 219 0.0004252 8.584
2127 216 0.0004254 8.444799999999999
2128 218 0.0004256 8.5376
2129 219 0.0004258 8.584
2130 218 0.000426 8.5376
2131 217 0.0004262 8.4912
2132 216 0.00042639999999999996 8.444799999999999
2133 216 0.00042659999999999996 8.444799999999999
2134 217 0.00042679999999999997 8.4912
2135 219 0.00042699999999999997 8.584
2136 216 0.0004272 8.444799999999999
2137 218 0.0004274 8.5376
2138 219 0.0004276 8.584
2139 219 0.0004278 8.584
2140 216 0.000428 8.444799999999999
2141 220 0.0004282 8.6304
2142 220 0.0004284 8.6304
2143 219 0.00042859999999999996 8.584
2144 216 0.00042879999999999996 8.444799999999999
2145 218 0.00042899999999999997 8.5376
2146 220 0.00042919999999999997 8.6304
2147 219 0.0004294 8.584
2148 217 0.0004296 8.4912
2149 217 0.0004298 8.4912
2150 219 0.00043 8.584
2151 216 0.0004302 8.444799999999999
2152 217 0.0004304 8.4912
2153 216 0.0004306 8.444799999999999
2154 217 0.00043079999999999995 8.4912
2155 219 0.00043099999999999996 8.584
2156 216 0.00043119999999999996 8.444799999999999
2157 216 0.00043139999999999997 8.444799999999999
2158 219 0.0004316 8.584
2159 216 0.0004318 8.444799999999999
2160 217 0.000432 8.4912
2161 218 0.0004322 8.5376
2162 220 0.0004324 8.6304
2163 218 0.0004326 8.5376
2164 219 0.0004328 8.584
2165 216 0.00043299999999999995 8.444799999999999
2166 219 0.00043319999999999996 8.584
2167 219 0.00043339999999999996 8.584
2168 221 0.00043359999999999997 8.6768
2169 218 0.0004338 8.5376
2170 217 0.000434 8.4912
2171 218 0.0004342 8.5376
2172 218 0.0004344 8.5376
2173 216 0.0004346 8.444799999999999
2174 216 0.0004348 8.444799999999999
2175 217 0.000435 8.4912
2176 217 0.00043519999999999995 8.4912
2177 216 0.00043539999999999996 8.444799999999999
2178 216 0.00043559999999999996 8.444799999999999
2179 218 0.00043579999999999997 8.5376
2180 219 0.00043599999999999997 8.584
2181 216 0.0004362 8.444799999999999
2182 217 0.0004364 8.4912
2183 218 0.0004366 8.5376
2184 217 0.0004368 8.4912
2185 217 0.000437 8.4912
2186 217 0.0004372 8.4912
2187 217 0.0004374 8.4912
2188 218 0.00043759999999999996 8.5376
2189 216 0.00043779999999999996 8.444799999999999
2190 217 0.00043799999999999997 8.4912
2191 219 0.00043819999999999997 8.584
2192 219 0.0004384 8.584
2193 217 0.0004386 8.4912
2194 218 0.0004388 8.5376
2195 218 0.000439 8.5376
2196 219 0.0004392 8.584
2197 216 0.0004394 8.444799999999999
2198 217 0.0004396 8.4912
2199 216 0.00043979999999999996 8.444799999999999
2200 217 0.00043999999999999996 8.4912
2201 217 0.00044019999999999997 8.4912
2202 218 0.00044039999999999997 8.5376
2203 217 0.0004406 8.4912
2204 217 0.0004408 8.4912
2205 219 0.000441 8.584
2206 216 0.0004412 8.444799999999999
2207 216 0.0004414 8.444799999999999
2208 215 0.0004416 8.398399999999999
2209 216 0.0004418 8.444799999999999
2210 219 0.00044199999999999996 8.584
2211 218 0.00044219999999999996 8.5376
2212 217 0.00044239999999999997 8.4912
2213 217 0.00044259999999999997 8.4912
2214 217 0.0004428 8.4912
2215 217 0.000443 8.4912
2216 218 0.0004432 8.5376
2217 219 0.0004434 8.584
2218 218 0.0004436 8.5376
2219 219 0.0004438 8.584
2220 217 0.000444 8.4912
2221 218 0.00044419999999999996 8.5376
2222 217 0.00044439999999999996 8.4912
2223 217 0.00044459999999999996 8.4912
2224 219 0.00044479999999999997 8.584
2225 218 0.000445 8.5376
2226 218 0.0004452 8.5376
2227 219 0.0004454 8.584
2228 220 0.0004456 8.6304
2229 218 0.0004458 8.5376
2230 218 0.000446 8.5376
2231 218 0.0004462 8.5376
2232 217 0.00044639999999999995 8.4912
2233 217 0.00044659999999999996 8.4912
2234 219 0.00044679999999999996 8.584
2235 217 0.00044699999999999997 8.4912
2236 218 0.0004472 8.5376
2237 219 0.0004474 8.584
2238 218 0.0004476 8.5376
2239 215 0.0004478 8.398399999999999
2240 219 0.000448 8.584
2241 220 0.0004482 8.6304
2242 218 0.0004484 8.5376
2243 218 0.00044859999999999995 8.5376
2244 218 0.00044879999999999996 8.5376
2245 220 0.00044899999999999996 8.6304
2246 220 0.00044919999999999997 8.6304
2247 218 0.0004494 8.5376
2248 216 0.0004496 8.444799999999999
2249 219 0.0004498 8.584
2250 218 0.00045 8.5376
2251 218 0.0004502 8.5376
2252 218 0.0004504 8.5376
2253 217 0.0004506 8.4912
2254 219 0.00045079999999999995 8.584
2255 216 0.00045099999999999996 8.444799999999999
2256 216 0.00045119999999999996 8.444799999999999
2257 220 0.00045139999999999997 8.6304
2258 217 0.00045159999999999997 8.4912
2259 218 0.0004518 8.5376
2260 218 0.000452 8.5376
2261 218 0.0004522 8.5376
2262 217 0.0004524 8.4912
2263 218 0.0004526 8.5376
2264 216 0.0004528 8.444799999999999
2265 219 0.000453 8.584
2266 220 0.00045319999999999996 8.6304
2267 220 0.00045339999999999996 8.6304
2268 218 0.00045359999999999997 8.5376
2269 217 0.00045379999999999997 8.4912
2270 219 0.000454 8.584
2271 219 0.0004542 8.584
2272 218 0.0004544 8.5376
2273 218 0.0004546 8.5376
2274 217 0.0004548 8.4912
2275 218 0.000455 8.5376
2276 218 0.0004552 8.5376
2277 217 0.00045539999999999996 8.4912
2278 219 0.00045559999999999996 8.584
2279 219 0.00045579999999999997 8.584
2280 216 0.00045599999999999997 8.444799999999999
2281 217 0.0004562 8.4912
2282 219 0.0004564 8.584
2283 217 0.0004566 8.4912
2284 219 0.0004568 8.584
2285 218 0.000457 8.5376
2286 217 0.0004572 8.4912
2287 220 0.0004574 8.6304
2288 216 0.00045759999999999996 8.444799999999999
2289 218 0.00045779999999999996 8.5376
2290 220 0.00045799999999999997 8.6304
2291 218 0.00045819999999999997 8.5376
2292 218 0.0004584 8.5376
2293 216 0.0004586 8.444799999999999
2294 218 0.0004588 8.5376
2295 220 0.000459 8.6304
2296 216 0.0004592 8.444799999999999
2297 216 0.0004594 8.444799999999999
2298 217 0.0004596 8.4912
2299 217 0.00045979999999999995 8.4912
2300 217 0.00045999999999999996 8.4912
2301 217 0.00046019999999999996 8.4912
2302 218 0.00046039999999999997 8.5376
2303 218 0.0004606 8.5376
2304 218 0.0004608 8.5376
2305 216 0.000461 8.444799999999999
2306 216 0.0004612 8.444799999999999
2307 216 0.0004614 8.444799999999999
2308 217 0.0004616 8.4912
2309 219 0.0004618 8.584
2310 219 0.00046199999999999995 8.584
2311 218 0.00046219999999999996 8.5376
2312 219 0.00046239999999999996 8.584
2313 218 0.00046259999999999997 8.5376
2314 217 0.0004628 8.4912
2315 219 0.000463 8.584
2316 219 0.0004632 8.584
2317 218 0.0004634 8.5376
2318 219 0.0004636 8.584
2319 217 0.0004638 8.4912
2320 218 0.000464 8.5376
2321 219 0.00046419999999999995 8.584
2322 217 0.00046439999999999996 8.4912
2323 219 0.00046459999999999996 8.584
2324 219 0.00046479999999999997 8.584
2325 219 0.00046499999999999997 8.584
2326 217 0.0004652 8.4912
2327 218 0.0004654 8.5376
2328 219 0.0004656 8.584
2329 218 0.0004658 8.5376
2330 217 0.000466 8.4912
2331 217 0.0004662 8.4912
2332 217 0.00046639999999999995 8.4912
2333 218 0.00046659999999999996 8.5376
2334 218 0.00046679999999999996 8.5376
2335 217 0.00046699999999999997 8.4912
2336 218 0.00046719999999999997 8.5376
2337 217 0.0004674 8.4912
2338 217 0.0004676 8.4912
2339 218 0.0004678 8.5376
2340 219 0.000468 8.584
2341 219 0.0004682 8.584
2342 218 0.0004684 8.5376
2343 218 0.00046859999999999995 8.5376
2344 220 0.00046879999999999996 8.6304
2345 219 0.00046899999999999996 8.584
2346 218 0.00046919999999999997 8.5376
2347 218 0.00046939999999999997 8.5376
2348 219 0.0004696 8.584
2349 217 0.0004698 8.4912
2350 217 0.00047 8.4912
2351 219 0.0004702 8.584
2352 216 0.0004704 8.444799999999999
2353 219 0.0004706 8.584
2354 217 0.0004708 8.4912
2355 217 0.00047099999999999996 8.4912
2356 219 0.00047119999999999996 8.584
2357 217 0.00047139999999999997 8.4912
2358 217 0.00047159999999999997 8.4912
2359 219 0.0004718 8.584
2360 220 0.000472 8.6304
2361 218 0.0004722 8.5376
2362 218 0.0004724 8.5376
2363 218 0.0004726 8.5376
2364 219 0.0004728 8.584
2365 220 0.000473 8.6304
2366 219 0.00047319999999999996 8.584
2367 218 0.00047339999999999996 8.5376
2368 219 0.00047359999999999997 8.584
2369 219 0.00047379999999999997 8.584
2370 219 0.000474 8.584
2371 216 0.0004742 8.444799999999999
2372 218 0.0004744 8.5376
2373 218 0.0004746 8.5376
2374 216 0.0004748 8.444799999999999
2375 217 0.000475 8.4912
2376 217 0.0004752 8.4912
2377 220 0.00047539999999999995 8.6304
2378 218 0.00047559999999999996 8.5376
2379 217 0.00047579999999999996 8.4912
2380 218 0.00047599999999999997 8.5376
2381 219 0.0004762 8.584
2382 218 0.0004764 8.5376
2383 217 0.0004766 8.4912
2384 217 0.0004768 8.4912
2385 218 0.000477 8.5376
2386 219 0.0004772 8.584
2387 217 0.0004774 8.4912
2388 217 0.00047759999999999995 8.4912
2389 219 0.00047779999999999996 8.584
2390 220 0.00047799999999999996 8.6304
2391 216 0.00047819999999999997 8.444799999999999
2392 218 0.0004784 8.5376
2393 217 0.0004786 8.4912
2394 219 0.0004788 8.584
2395 217 0.000479 8.4912
2396 216 0.0004792 8.444799999999999
2397 219 0.0004794 8.584
2398 215 0.0004796 8.398399999999999
2399 218 0.00047979999999999995 8.5376
2400 218 0.00047999999999999996 8.5376
2401 217 0.00048019999999999996 8.4912
2402 217 0.00048039999999999997 8.4912
2403 218 0.00048059999999999997 8.5376
2404 216 0.0004808 8.444799999999999
2405 218 0.000481 8.5376
2406 217 0.0004812 8.4912
2407 217 0.0004814 8.4912
2408 218 0.0004816 8.5376
2409 218 0.0004818 8.5376
2410 219 0.00048199999999999995 8.584
2411 218 0.00048219999999999996 8.5376
2412 218 0.00048239999999999996 8.5376
2413 218 0.00048259999999999997 8.5376
2414 218 0.00048279999999999997 8.5376
2415 219 0.000483 8.584
2416 219 0.0004832 8.584
2417 219 0.0004834 8.584
2418 217 0.0004836 8.4912
2419 217 0.0004838 8.4912
2420 218 0.000484 8.5376
2421 219 0.00048419999999999995 8.584
2422 219 0.00048439999999999996 8.584
2423 219 0.00048459999999999996 8.584
2424 218 0.00048479999999999997 8.5376
2425 216 0.00048499999999999997 8.444799999999999
2426 219 0.0004852 8.584
2427 218 0.0004854 8.5376
2428 218 0.0004856 8.5376
2429 216 0.0004858 8.444799999999999
2430 218 0.000486 8.5376
2431 217 0.0004862 8.4912
2432 219 0.0004864 8.584
2433 218 0.00048659999999999996 8.5376
2434 217 0.00048679999999999996 8.4912
2435 219 0.00048699999999999997 8.584
2436 219 0.00048719999999999997 8.584
2437 218 0.0004874 8.5376
2438 220 0.0004876 8.6304
2439 220 0.0004878 8.6304
2440 218 0.000488 8.5376
2441 219 0.0004882 8.584
2442 218 0.0004883999999999999 8.5376
2443 219 0.0004886 8.584
