#  0.0464 0.0 34.0 2e-07
0 218 0.0 8.5376
1 217 2e-07 8.4912
2 220 4e-07 8.6304
3 218 6e-07 8.5376
4 217 8e-07 8.4912
5 218 1e-06 8.5376
6 219 1.2e-06 8.584
7 217 1.4e-06 8.4912
8 217 1.6e-06 8.4912
9 217 1.8e-06 8.4912
10 217 2e-06 8.4912
11 215 2.2e-06 8.398399999999999
12 217 2.4e-06 8.4912
13 218 2.5999999999999997e-06 8.5376
14 217 2.8e-06 8.4912
15 219 3e-06 8.584
16 218 3.2e-06 8.5376
17 216 3.3999999999999996e-06 8.444799999999999
18 217 3.6e-06 8.4912
19 217 3.8e-06 8.4912
20 219 4e-06 8.584
21 218 4.2e-06 8.5376
22 220 4.4e-06 8.6304
23 218 4.6e-06 8.5376
24 216 4.8e-06 8.444799999999999
25 218 4.9999999999999996e-06 8.5376
26 220 5.199999999999999e-06 8.6304
27 219 5.4e-06 8.584
28 217 5.6e-06 8.4912
29 219 5.7999999999999995e-06 8.584
30 218 6e-06 8.5376
31 217 6.2e-06 8.4912
32 218 6.4e-06 8.5376
33 217 6.5999999999999995e-06 8.4912
34 219 6.799999999999999e-06 8.584
35 219 7e-06 8.584
36 218 7.2e-06 8.5376
37 217 7.3999999999999995e-06 8.4912
38 218 7.6e-06 8.5376
39 219 7.8e-06 8.584
40 217 8e-06 8.4912
41 216 8.2e-06 8.444799999999999
42 216 8.4e-06 8.444799999999999
43 217 8.599999999999999e-06 8.4912
44 220 8.8e-06 8.6304
45 217 9e-06 8.4912
46 217 9.2e-06 8.4912
47 220 9.4e-06 8.6304
48 218 9.6e-06 8.5376
49 217 9.8e-06 8.4912
50 219 9.999999999999999e-06 8.584
51 219 1.0199999999999999e-05 8.584
52 218 1.0399999999999999e-05 8.5376
53 217 1.06e-05 8.4912
54 216 1.08e-05 8.444799999999999
55 220 1.1e-05 8.6304
56 218 1.12e-05 8.5376
57 218 1.14e-05 8.5376
58 215 1.1599999999999999e-05 8.398399999999999
59 218 1.1799999999999999e-05 8.5376
60 217 1.2e-05 8.4912
61 217 1.22e-05 8.4912
62 217 1.24e-05 8.4912
63 216 1.26e-05 8.444799999999999
64 218 1.28e-05 8.5376
65 215 1.3e-05 8.398399999999999
66 217 1.3199999999999999e-05 8.4912
67 219 1.3399999999999999e-05 8.584
68 216 1.3599999999999999e-05 8.444799999999999
69 216 1.38e-05 8.444799999999999
70 218 1.4e-05 8.5376
71 219 1.42e-05 8.584
72 216 1.44e-05 8.444799999999999
73 217 1.4599999999999999e-05 8.4912
74 217 1.4799999999999999e-05 8.4912
75 217 1.4999999999999999e-05 8.4912
76 218 1.52e-05 8.5376
77 218 1.5399999999999998e-05 8.5376
78 216 1.56e-05 8.444799999999999
79 216 1.5799999999999998e-05 8.444799999999999
80 217 1.6e-05 8.4912
81 218 1.62e-05 8.5376
82 216 1.64e-05 8.444799999999999
83 216 1.66e-05 8.444799999999999
84 218 1.68e-05 8.5376
85 216 1.7e-05 8.444799999999999
86 215 1.7199999999999998e-05 8.398399999999999
87 215 1.74e-05 8.398399999999999
88 219 1.76e-05 8.584
89 217 1.78e-05 8.4912
90 216 1.8e-05 8.444799999999999
91 217 1.82e-05 8.4912
92 218 1.84e-05 8.5376
93 218 1.8599999999999998e-05 8.5376
94 216 1.88e-05 8.444799999999999
95 217 1.8999999999999998e-05 8.4912
96 218 1.92e-05 8.5376
97 219 1.94e-05 8.584
98 217 1.96e-05 8.4912
99 217 1.98e-05 8.4912
100 220 1.9999999999999998e-05 8.6304
101 219 2.02e-05 8.584
102 215 2.0399999999999998e-05 8.398399999999999
103 217 2.06e-05 8.4912
104 216 2.0799999999999997e-05 8.444799999999999
105 219 2.1e-05 8.584
106 215 2.12e-05 8.398399999999999
107 217 2.14e-05 8.4912
108 217 2.16e-05 8.4912
109 216 2.1799999999999998e-05 8.444799999999999
110 217 2.2e-05 8.4912
111 218 2.2199999999999998e-05 8.5376
112 216 2.24e-05 8.444799999999999
113 218 2.26e-05 8.5376
114 219 2.28e-05 8.584
115 217 2.3e-05 8.4912
116 217 2.3199999999999998e-05 8.4912
117 217 2.34e-05 8.4912
118 217 2.3599999999999998e-05 8.4912
119 219 2.38e-05 8.584
120 218 2.4e-05 8.5376
121 220 2.42e-05 8.6304
122 218 2.44e-05 8.5376
123 218 2.4599999999999998e-05 8.5376
124 217 2.48e-05 8.4912
125 218 2.4999999999999998e-05 8.5376
126 219 2.52e-05 8.584
127 220 2.5399999999999997e-05 8.6304
128 218 2.56e-05 8.5376
129 217 2.58e-05 8.4912
130 219 2.6e-05 8.584
131 217 2.62e-05 8.4912
132 219 2.6399999999999998e-05 8.584
133 218 2.66e-05 8.5376
134 220 2.6799999999999998e-05 8.6304
135 218 2.7e-05 8.5376
136 217 2.7199999999999997e-05 8.4912
137 219 2.74e-05 8.584
138 217 2.76e-05 8.4912
139 217 2.7799999999999998e-05 8.4912
140 216 2.8e-05 8.444799999999999
141 219 2.8199999999999998e-05 8.584
142 217 2.84e-05 8.4912
143 218 2.8599999999999997e-05 8.5376
144 218 2.88e-05 8.5376
145 218 2.9e-05 8.5376
146 219 2.9199999999999998e-05 8.584
147 219 2.94e-05 8.584
148 218 2.9599999999999998e-05 8.5376
149 219 2.98e-05 8.584
150 220 2.9999999999999997e-05 8.6304
151 219 3.02e-05 8.584
152 218 3.04e-05 8.5376
153 216 3.06e-05 8.444799999999999
154 218 3.0799999999999996e-05 8.5376
155 217 3.1e-05 8.4912
156 218 3.12e-05 8.5376
157 216 3.14e-05 8.444799999999999
158 218 3.1599999999999996e-05 8.5376
159 217 3.18e-05 8.4912
160 216 3.2e-05 8.444799999999999
161 216 3.22e-05 8.444799999999999
162 217 3.24e-05 8.4912
163 217 3.26e-05 8.4912
164 216 3.28e-05 8.444799999999999
165 216 3.2999999999999996e-05 8.444799999999999
166 218 3.32e-05 8.5376
167 216 3.34e-05 8.444799999999999
168 217 3.36e-05 8.4912
169 219 3.38e-05 8.584
170 218 3.4e-05 8.5376
171 216 3.42e-05 8.444799999999999
172 217 3.4399999999999996e-05 8.4912
173 217 3.46e-05 8.4912
174 219 3.48e-05 8.584
175 218 3.5e-05 8.5376
176 218 3.52e-05 8.5376
177 216 3.54e-05 8.444799999999999
178 218 3.56e-05 8.5376
179 217 3.5799999999999996e-05 8.4912
180 219 3.6e-05 8.584
181 215 3.62e-05 8.398399999999999
182 217 3.64e-05 8.4912
183 216 3.6599999999999995e-05 8.444799999999999
184 216 3.68e-05 8.444799999999999
185 217 3.7e-05 8.4912
186 215 3.7199999999999996e-05 8.398399999999999
187 218 3.74e-05 8.5376
188 218 3.76e-05 8.5376
189 215 3.78e-05 8.398399999999999
190 217 3.7999999999999995e-05 8.4912
191 219 3.82e-05 8.584
192 217 3.84e-05 8.4912
193 215 3.8599999999999996e-05 8.398399999999999
194 217 3.88e-05 8.4912
195 218 3.9e-05 8.5376
196 218 3.92e-05 8.5376
197 215 3.9399999999999995e-05 8.398399999999999
198 216 3.96e-05 8.444799999999999
199 217 3.98e-05 8.4912
200 217 3.9999999999999996e-05 8.4912
201 215 4.02e-05 8.398399999999999
202 218 4.04e-05 8.5376
203 216 4.06e-05 8.444799999999999
204 218 4.0799999999999996e-05 8.5376
205 216 4.1e-05 8.444799999999999
206 216 4.12e-05 8.444799999999999
207 216 4.14e-05 8.444799999999999
208 215 4.1599999999999995e-05 8.398399999999999
209 218 4.18e-05 8.5376
210 217 4.2e-05 8.4912
211 215 4.2199999999999996e-05 8.398399999999999
212 216 4.24e-05 8.444799999999999
213 217 4.26e-05 8.4912
214 216 4.28e-05 8.444799999999999
215 217 4.2999999999999995e-05 8.4912
216 217 4.32e-05 8.4912
217 215 4.34e-05 8.398399999999999
218 218 4.3599999999999996e-05 8.5376
219 217 4.38e-05 8.4912
220 217 4.4e-05 8.4912
221 216 4.42e-05 8.444799999999999
222 217 4.4399999999999995e-05 8.4912
223 215 4.46e-05 8.398399999999999
224 216 4.48e-05 8.444799999999999
225 217 4.4999999999999996e-05 8.4912
226 219 4.52e-05 8.584
227 217 4.54e-05 8.4912
228 217 4.56e-05 8.4912
229 217 4.5799999999999995e-05 8.4912
230 217 4.6e-05 8.4912
231 216 4.62e-05 8.444799999999999
232 218 4.6399999999999996e-05 8.5376
233 218 4.66e-05 8.5376
234 216 4.68e-05 8.444799999999999
235 216 4.7e-05 8.444799999999999
236 218 4.7199999999999995e-05 8.5376
237 217 4.74e-05 8.4912
238 215 4.76e-05 8.398399999999999
239 218 4.7799999999999996e-05 8.5376
240 216 4.8e-05 8.444799999999999
241 218 4.82e-05 8.5376
242 217 4.84e-05 8.4912
243 217 4.8599999999999995e-05 8.4912
244 215 4.88e-05 8.398399999999999
245 219 4.9e-05 8.584
246 217 4.9199999999999997e-05 8.4912
247 216 4.9399999999999995e-05 8.444799999999999
248 219 4.96e-05 8.584
249 220 4.98e-05 8.6304
250 217 4.9999999999999996e-05 8.4912
251 216 5.02e-05 8.444799999999999
252 217 5.04e-05 8.4912
253 219 5.06e-05 8.584
254 217 5.0799999999999995e-05 8.4912
255 217 5.1e-05 8.4912
256 215 5.12e-05 8.398399999999999
257 218 5.1399999999999996e-05 8.5376
258 215 5.16e-05 8.398399999999999
259 217 5.18e-05 8.4912
260 215 5.2e-05 8.398399999999999
261 216 5.2199999999999995e-05 8.444799999999999
262 216 5.24e-05 8.444799999999999
263 216 5.26e-05 8.444799999999999
264 216 5.2799999999999996e-05 8.444799999999999
265 218 5.3e-05 8.5376
266 216 5.32e-05 8.444799999999999
267 217 5.34e-05 8.4912
268 216 5.3599999999999995e-05 8.444799999999999
269 219 5.38e-05 8.584
270 216 5.4e-05 8.444799999999999
271 216 5.4199999999999996e-05 8.444799999999999
272 216 5.4399999999999994e-05 8.444799999999999
273 218 5.46e-05 8.5376
274 219 5.48e-05 8.584
275 218 5.4999999999999995e-05 8.5376
276 216 5.52e-05 8.444799999999999
277 216 5.54e-05 8.444799999999999
278 217 5.5599999999999996e-05 8.4912
279 218 5.5799999999999994e-05 8.5376
280 215 5.6e-05 8.398399999999999
281 216 5.62e-05 8.444799999999999
282 218 5.6399999999999995e-05 8.5376
283 217 5.66e-05 8.4912
284 214 5.68e-05 8.352
285 216 5.6999999999999996e-05 8.444799999999999
286 216 5.7199999999999994e-05 8.444799999999999
287 217 5.74e-05 8.4912
288 216 5.76e-05 8.444799999999999
289 218 5.7799999999999995e-05 8.5376
290 218 5.8e-05 8.5376
291 214 5.82e-05 8.352
292 216 5.8399999999999997e-05 8.444799999999999
293 215 5.8599999999999995e-05 8.398399999999999
294 217 5.88e-05 8.4912
295 217 5.9e-05 8.4912
296 213 5.9199999999999996e-05 8.3056
297 215 5.94e-05 8.398399999999999
298 217 5.96e-05 8.4912
299 218 5.98e-05 8.5376
300 216 5.9999999999999995e-05 8.444799999999999
301 216 6.02e-05 8.444799999999999
302 217 6.04e-05 8.4912
303 219 6.0599999999999996e-05 8.584
304 216 6.08e-05 8.444799999999999
305 217 6.1e-05 8.4912
306 215 6.12e-05 8.398399999999999
307 214 6.14e-05 8.352
308 216 6.159999999999999e-05 8.444799999999999
309 215 6.18e-05 8.398399999999999
310 214 6.2e-05 8.352
311 216 6.22e-05 8.444799999999999
312 216 6.24e-05 8.444799999999999
313 215 6.26e-05 8.398399999999999
314 214 6.28e-05 8.352
315 214 6.3e-05 8.352
316 213 6.319999999999999e-05 8.3056
317 214 6.34e-05 8.352
318 215 6.36e-05 8.398399999999999
319 215 6.379999999999999e-05 8.398399999999999
320 215 6.4e-05 8.398399999999999
321 215 6.42e-05 8.398399999999999
322 215 6.44e-05 8.398399999999999
323 217 6.46e-05 8.4912
324 216 6.48e-05 8.444799999999999
325 214 6.5e-05 8.352
326 214 6.52e-05 8.352
327 215 6.539999999999999e-05 8.398399999999999
328 216 6.56e-05 8.444799999999999
329 215 6.58e-05 8.398399999999999
330 213 6.599999999999999e-05 8.3056
331 216 6.62e-05 8.444799999999999
332 217 6.64e-05 8.4912
333 213 6.659999999999999e-05 8.3056
334 216 6.68e-05 8.444799999999999
335 217 6.7e-05 8.4912
336 215 6.72e-05 8.398399999999999
337 215 6.74e-05 8.398399999999999
338 213 6.76e-05 8.3056
339 214 6.78e-05 8.352
340 216 6.8e-05 8.444799999999999
341 216 6.819999999999999e-05 8.444799999999999
342 215 6.84e-05 8.398399999999999
343 215 6.86e-05 8.398399999999999
344 216 6.879999999999999e-05 8.444799999999999
345 217 6.9e-05 8.4912
346 215 6.92e-05 8.398399999999999
347 216 6.939999999999999e-05 8.444799999999999
348 217 6.96e-05 8.4912
349 216 6.98e-05 8.444799999999999
350 215 7e-05 8.398399999999999
351 215 7.02e-05 8.398399999999999
352 216 7.04e-05 8.444799999999999
353 217 7.06e-05 8.4912
354 214 7.08e-05 8.352
355 213 7.099999999999999e-05 8.3056
356 215 7.12e-05 8.398399999999999
357 213 7.14e-05 8.3056
358 214 7.159999999999999e-05 8.352
359 213 7.18e-05 8.3056
360 214 7.2e-05 8.352
361 214 7.219999999999999e-05 8.352
362 214 7.24e-05 8.352
363 214 7.26e-05 8.352
364 215 7.28e-05 8.398399999999999
365 214 7.3e-05 8.352
366 216 7.319999999999999e-05 8.444799999999999
367 215 7.34e-05 8.398399999999999
368 215 7.36e-05 8.398399999999999
369 215 7.379999999999999e-05 8.398399999999999
370 213 7.4e-05 8.3056
371 213 7.42e-05 8.3056
372 215 7.439999999999999e-05 8.398399999999999
373 215 7.46e-05 8.398399999999999
374 217 7.48e-05 8.4912
375 214 7.5e-05 8.352
376 214 7.52e-05 8.352
377 216 7.54e-05 8.444799999999999
378 216 7.56e-05 8.444799999999999
379 213 7.58e-05 8.3056
380 214 7.599999999999999e-05 8.352
381 215 7.62e-05 8.398399999999999
382 215 7.64e-05 8.398399999999999
383 213 7.659999999999999e-05 8.3056
384 212 7.68e-05 8.2592
385 216 7.7e-05 8.444799999999999
386 215 7.719999999999999e-05 8.398399999999999
387 215 7.74e-05 8.398399999999999
388 213 7.76e-05 8.3056
389 214 7.78e-05 8.352
390 213 7.8e-05 8.3056
391 213 7.819999999999999e-05 8.3056
392 214 7.84e-05 8.352
393 215 7.86e-05 8.398399999999999
394 215 7.879999999999999e-05 8.398399999999999
395 212 7.9e-05 8.2592
396 213 7.92e-05 8.3056
397 214 7.939999999999999e-05 8.352
398 216 7.96e-05 8.444799999999999
399 214 7.98e-05 8.352
400 214 7.999999999999999e-05 8.352
401 214 8.02e-05 8.352
402 215 8.04e-05 8.398399999999999
403 212 8.06e-05 8.2592
404 212 8.08e-05 8.2592
405 214 8.099999999999999e-05 8.352
406 213 8.12e-05 8.3056
407 214 8.14e-05 8.352
408 213 8.159999999999999e-05 8.3056
409 211 8.18e-05 8.2128
410 213 8.2e-05 8.3056
411 213 8.219999999999999e-05 8.3056
412 212 8.24e-05 8.2592
413 212 8.26e-05 8.2592
414 211 8.28e-05 8.2128
415 211 8.3e-05 8.2128
416 212 8.319999999999999e-05 8.2592
417 213 8.34e-05 8.3056
418 213 8.36e-05 8.3056
419 213 8.379999999999999e-05 8.3056
420 211 8.4e-05 8.2128
421 211 8.42e-05 8.2128
422 212 8.439999999999999e-05 8.2592
423 212 8.46e-05 8.2592
424 212 8.48e-05 8.2592
425 213 8.499999999999999e-05 8.3056
426 211 8.52e-05 8.2128
427 213 8.54e-05 8.3056
428 211 8.56e-05 8.2128
429 211 8.58e-05 8.2128
430 212 8.599999999999999e-05 8.2592
431 214 8.62e-05 8.352
432 211 8.64e-05 8.2128
433 210 8.659999999999999e-05 8.1664
434 213 8.68e-05 8.3056
435 211 8.7e-05 8.2128
436 210 8.719999999999999e-05 8.1664
437 210 8.74e-05 8.1664
438 212 8.76e-05 8.2592
439 212 8.779999999999999e-05 8.2592
440 212 8.8e-05 8.2592
441 209 8.82e-05 8.12
442 211 8.84e-05 8.2128
443 213 8.86e-05 8.3056
444 212 8.879999999999999e-05 8.2592
445 211 8.9e-05 8.2128
446 213 8.92e-05 8.3056
447 213 8.939999999999999e-05 8.3056
448 212 8.96e-05 8.2592
449 212 8.98e-05 8.2592
450 211 8.999999999999999e-05 8.2128
451 213 9.02e-05 8.3056
452 213 9.04e-05 8.3056
453 211 9.059999999999999e-05 8.2128
454 209 9.08e-05 8.12
455 211 9.099999999999999e-05 8.2128
456 209 9.12e-05 8.12
457 210 9.14e-05 8.1664
458 210 9.159999999999999e-05 8.1664
459 211 9.18e-05 8.2128
460 210 9.2e-05 8.1664
461 209 9.219999999999999e-05 8.12
462 210 9.24e-05 8.1664
463 213 9.26e-05 8.3056
464 209 9.279999999999999e-05 8.12
465 209 9.3e-05 8.12
466 211 9.32e-05 8.2128
467 213 9.34e-05 8.3056
468 211 9.36e-05 8.2128
469 209 9.379999999999999e-05 8.12
470 209 9.4e-05 8.12
471 212 9.42e-05 8.2592
472 211 9.439999999999999e-05 8.2128
473 212 9.46e-05 8.2592
474 209 9.48e-05 8.12
475 211 9.499999999999999e-05 8.2128
476 211 9.52e-05 8.2128
477 211 9.54e-05 8.2128
478 209 9.559999999999999e-05 8.12
479 209 9.58e-05 8.12
480 211 9.6e-05 8.2128
481 210 9.62e-05 8.1664
482 209 9.64e-05 8.12
483 209 9.659999999999999e-05 8.12
484 210 9.68e-05 8.1664
485 210 9.7e-05 8.1664
486 211 9.719999999999999e-05 8.2128
487 208 9.74e-05 8.073599999999999
488 209 9.76e-05 8.12
489 209 9.779999999999999e-05 8.12
490 208 9.8e-05 8.073599999999999
491 208 9.82e-05 8.073599999999999
492 210 9.839999999999999e-05 8.1664
493 210 9.86e-05 8.1664
494 207 9.879999999999999e-05 8.027199999999999
495 210 9.9e-05 8.1664
496 210 9.92e-05 8.1664
497 210 9.939999999999999e-05 8.1664
498 208 9.96e-05 8.073599999999999
499 208 9.98e-05 8.073599999999999
500 209 9.999999999999999e-05 8.12
501 211 0.0001002 8.2128
502 208 0.0001004 8.073599999999999
503 208 0.00010059999999999999 8.073599999999999
504 209 0.0001008 8.12
505 208 0.000101 8.073599999999999
506 208 0.0001012 8.073599999999999
507 208 0.0001014 8.073599999999999
508 206 0.00010159999999999999 7.9807999999999995
509 208 0.0001018 8.073599999999999
510 208 0.000102 8.073599999999999
511 208 0.00010219999999999999 8.073599999999999
512 208 0.0001024 8.073599999999999
513 210 0.0001026 8.1664
514 206 0.00010279999999999999 7.9807999999999995
515 206 0.000103 7.9807999999999995
516 209 0.0001032 8.12
517 208 0.00010339999999999999 8.073599999999999
518 208 0.0001036 8.073599999999999
519 207 0.00010379999999999999 8.027199999999999
520 207 0.000104 8.027199999999999
521 207 0.0001042 8.027199999999999
522 209 0.00010439999999999999 8.12
523 206 0.0001046 7.9807999999999995
524 207 0.0001048 8.027199999999999
525 207 0.00010499999999999999 8.027199999999999
526 207 0.0001052 8.027199999999999
527 206 0.0001054 7.9807999999999995
528 206 0.00010559999999999999 7.9807999999999995
529 208 0.0001058 8.073599999999999
530 207 0.000106 8.027199999999999
531 206 0.00010619999999999999 7.9807999999999995
532 205 0.0001064 7.934399999999999
533 206 0.00010659999999999999 7.9807999999999995
534 207 0.0001068 8.027199999999999
535 205 0.000107 7.934399999999999
536 204 0.00010719999999999999 7.888
537 206 0.0001074 7.9807999999999995
538 206 0.0001076 7.9807999999999995
539 206 0.00010779999999999999 7.9807999999999995
540 206 0.000108 7.9807999999999995
541 206 0.0001082 7.9807999999999995
542 206 0.00010839999999999999 7.9807999999999995
543 206 0.0001086 7.9807999999999995
544 204 0.00010879999999999999 7.888
545 205 0.00010899999999999999 7.934399999999999
546 207 0.0001092 8.027199999999999
547 205 0.00010939999999999999 7.934399999999999
548 205 0.0001096 7.934399999999999
549 204 0.0001098 7.888
550 206 0.00010999999999999999 7.9807999999999995
551 204 0.0001102 7.888
552 204 0.0001104 7.888
553 203 0.00011059999999999999 7.8416
554 207 0.0001108 8.027199999999999
555 203 0.000111 7.8416
556 203 0.00011119999999999999 7.8416
557 203 0.0001114 7.8416
558 205 0.00011159999999999999 7.934399999999999
559 204 0.0001118 7.888
560 202 0.000112 7.7951999999999995
561 203 0.00011219999999999999 7.8416
562 205 0.0001124 7.934399999999999
563 203 0.0001126 7.8416
564 204 0.00011279999999999999 7.888
565 204 0.000113 7.888
566 204 0.0001132 7.888
567 205 0.00011339999999999999 7.934399999999999
568 203 0.0001136 7.8416
569 204 0.0001138 7.888
570 206 0.00011399999999999999 7.9807999999999995
571 205 0.0001142 7.934399999999999
572 206 0.00011439999999999999 7.9807999999999995
573 204 0.0001146 7.888
574 204 0.0001148 7.888
575 205 0.00011499999999999999 7.934399999999999
576 204 0.0001152 7.888
577 203 0.0001154 7.8416
578 203 0.00011559999999999999 7.8416
579 203 0.0001158 7.8416
580 202 0.000116 7.7951999999999995
581 203 0.00011619999999999999 7.8416
582 202 0.0001164 7.7951999999999995
583 204 0.00011659999999999999 7.888
584 204 0.00011679999999999999 7.888
585 202 0.000117 7.7951999999999995
586 203 0.00011719999999999999 7.8416
587 204 0.0001174 7.888
588 201 0.0001176 7.748799999999999
589 203 0.00011779999999999999 7.8416
590 202 0.000118 7.7951999999999995
591 204 0.0001182 7.888
592 204 0.00011839999999999999 7.888
593 201 0.0001186 7.748799999999999
594 202 0.0001188 7.7951999999999995
595 203 0.00011899999999999999 7.8416
596 204 0.0001192 7.888
597 201 0.00011939999999999999 7.748799999999999
598 201 0.0001196 7.748799999999999
599 202 0.0001198 7.7951999999999995
600 203 0.00011999999999999999 7.8416
601 201 0.0001202 7.748799999999999
602 201 0.0001204 7.748799999999999
603 200 0.00012059999999999999 7.702399999999999
604 200 0.0001208 7.702399999999999
605 201 0.000121 7.748799999999999
606 202 0.00012119999999999999 7.7951999999999995
607 200 0.0001214 7.702399999999999
608 202 0.0001216 7.7951999999999995
609 201 0.00012179999999999999 7.748799999999999
610 201 0.000122 7.748799999999999
611 199 0.0001222 7.656
612 200 0.0001224 7.702399999999999
613 199 0.0001226 7.656
614 200 0.0001228 7.702399999999999
615 201 0.00012299999999999998 7.748799999999999
616 200 0.00012319999999999999 7.702399999999999
617 201 0.0001234 7.748799999999999
618 199 0.0001236 7.656
619 200 0.0001238 7.702399999999999
620 202 0.000124 7.7951999999999995
621 201 0.00012419999999999998 7.748799999999999
622 199 0.0001244 7.656
623 201 0.0001246 7.748799999999999
624 200 0.0001248 7.702399999999999
625 201 0.000125 7.748799999999999
626 199 0.0001252 7.656
627 198 0.00012539999999999999 7.6095999999999995
628 200 0.0001256 7.702399999999999
629 201 0.0001258 7.748799999999999
630 199 0.000126 7.656
631 198 0.0001262 7.6095999999999995
632 199 0.00012639999999999998 7.656
633 198 0.0001266 7.6095999999999995
634 197 0.0001268 7.563199999999999
635 197 0.000127 7.563199999999999
636 199 0.0001272 7.656
637 200 0.0001274 7.702399999999999
638 200 0.00012759999999999998 7.702399999999999
639 196 0.0001278 7.5168
640 196 0.000128 7.5168
641 197 0.0001282 7.563199999999999
642 197 0.0001284 7.563199999999999
643 197 0.00012859999999999998 7.563199999999999
644 199 0.0001288 7.656
645 200 0.000129 7.702399999999999
646 198 0.0001292 7.6095999999999995
647 197 0.0001294 7.563199999999999
648 197 0.0001296 7.563199999999999
649 198 0.00012979999999999998 7.6095999999999995
650 199 0.00013 7.656
651 197 0.0001302 7.563199999999999
652 196 0.0001304 7.5168
653 198 0.0001306 7.6095999999999995
654 194 0.00013079999999999998 7.4239999999999995
655 195 0.00013099999999999999 7.4704
656 195 0.0001312 7.4704
657 196 0.0001314 7.5168
658 196 0.0001316 7.5168
659 196 0.0001318 7.5168
660 194 0.00013199999999999998 7.4239999999999995
661 196 0.0001322 7.5168
662 194 0.0001324 7.4239999999999995
663 197 0.0001326 7.563199999999999
664 197 0.0001328 7.563199999999999
665 196 0.000133 7.5168
666 195 0.00013319999999999999 7.4704
667 195 0.0001334 7.4704
668 195 0.0001336 7.4704
669 196 0.0001338 7.5168
670 197 0.000134 7.563199999999999
671 196 0.00013419999999999998 7.5168
672 195 0.0001344 7.4704
673 195 0.0001346 7.4704
674 196 0.0001348 7.5168
675 196 0.000135 7.5168
676 194 0.0001352 7.4239999999999995
677 195 0.00013539999999999998 7.4704
678 195 0.0001356 7.4704
679 194 0.0001358 7.4239999999999995
680 193 0.000136 7.377599999999999
681 193 0.0001362 7.377599999999999
682 195 0.00013639999999999998 7.4704
683 195 0.00013659999999999999 7.4704
684 196 0.0001368 7.5168
685 195 0.000137 7.4704
686 194 0.0001372 7.4239999999999995
687 194 0.0001374 7.4239999999999995
688 194 0.00013759999999999998 7.4239999999999995
689 194 0.0001378 7.4239999999999995
690 194 0.000138 7.4239999999999995
691 194 0.0001382 7.4239999999999995
692 192 0.0001384 7.331199999999999
693 192 0.00013859999999999998 7.331199999999999
694 195 0.00013879999999999999 7.4704
695 195 0.000139 7.4704
696 192 0.0001392 7.331199999999999
697 193 0.0001394 7.377599999999999
698 193 0.0001396 7.377599999999999
699 195 0.00013979999999999998 7.4704
700 192 0.00014 7.331199999999999
701 191 0.0001402 7.2848
702 191 0.0001404 7.2848
703 192 0.0001406 7.331199999999999
704 191 0.0001408 7.2848
705 192 0.00014099999999999998 7.331199999999999
706 191 0.0001412 7.2848
707 193 0.0001414 7.377599999999999
708 192 0.0001416 7.331199999999999
709 191 0.0001418 7.2848
710 191 0.00014199999999999998 7.2848
711 191 0.0001422 7.2848
712 191 0.0001424 7.2848
713 192 0.0001426 7.331199999999999
714 191 0.0001428 7.2848
715 193 0.000143 7.377599999999999
716 190 0.00014319999999999998 7.2383999999999995
717 191 0.0001434 7.2848
718 190 0.0001436 7.2383999999999995
719 192 0.0001438 7.331199999999999
720 192 0.000144 7.331199999999999
721 190 0.00014419999999999998 7.2383999999999995
722 190 0.00014439999999999999 7.2383999999999995
723 191 0.0001446 7.2848
724 192 0.0001448 7.331199999999999
725 190 0.000145 7.2383999999999995
726 189 0.0001452 7.191999999999999
727 191 0.00014539999999999998 7.2848
728 190 0.0001456 7.2383999999999995
729 188 0.0001458 7.1456
730 189 0.000146 7.191999999999999
731 192 0.0001462 7.331199999999999
732 189 0.00014639999999999998 7.191999999999999
733 189 0.00014659999999999999 7.191999999999999
734 188 0.0001468 7.1456
735 190 0.000147 7.2383999999999995
736 191 0.0001472 7.2848
737 191 0.0001474 7.2848
738 189 0.00014759999999999998 7.191999999999999
739 187 0.0001478 7.0992
740 190 0.000148 7.2383999999999995
741 188 0.0001482 7.1456
742 188 0.0001484 7.1456
743 188 0.00014859999999999998 7.1456
744 192 0.00014879999999999998 7.331199999999999
745 189 0.000149 7.191999999999999
746 188 0.0001492 7.1456
747 187 0.0001494 7.0992
748 188 0.0001496 7.1456
749 190 0.00014979999999999998 7.2383999999999995
750 187 0.00015 7.0992
751 184 0.0001502 6.959999999999999
752 187 0.0001504 7.0992
753 187 0.0001506 7.0992
754 186 0.0001508 7.0527999999999995
755 184 0.00015099999999999998 6.959999999999999
756 187 0.0001512 7.0992
757 187 0.0001514 7.0992
758 186 0.0001516 7.0527999999999995
759 185 0.0001518 7.006399999999999
760 187 0.00015199999999999998 7.0992
761 185 0.00015219999999999999 7.006399999999999
762 186 0.0001524 7.0527999999999995
763 186 0.0001526 7.0527999999999995
764 188 0.0001528 7.1456
765 186 0.000153 7.0527999999999995
766 186 0.00015319999999999998 7.0527999999999995
767 184 0.0001534 6.959999999999999
768 187 0.0001536 7.0992
769 186 0.0001538 7.0527999999999995
770 187 0.000154 7.0992
771 184 0.00015419999999999998 6.959999999999999
772 184 0.00015439999999999999 6.959999999999999
773 186 0.0001546 7.0527999999999995
774 186 0.0001548 7.0527999999999995
775 184 0.000155 6.959999999999999
776 183 0.0001552 6.9136
777 185 0.00015539999999999998 7.006399999999999
778 183 0.0001556 6.9136
779 183 0.0001558 6.9136
780 182 0.000156 6.8671999999999995
781 185 0.0001562 7.006399999999999
782 184 0.00015639999999999998 6.959999999999999
783 183 0.00015659999999999998 6.9136
784 185 0.0001568 7.006399999999999
785 184 0.000157 6.959999999999999
786 182 0.0001572 6.8671999999999995
787 184 0.0001574 6.959999999999999
788 182 0.00015759999999999998 6.8671999999999995
789 183 0.0001578 6.9136
790 182 0.000158 6.8671999999999995
791 182 0.0001582 6.8671999999999995
792 182 0.0001584 6.8671999999999995
793 184 0.0001586 6.959999999999999
794 184 0.00015879999999999998 6.959999999999999
795 182 0.000159 6.8671999999999995
796 181 0.0001592 6.820799999999999
797 182 0.0001594 6.8671999999999995
798 183 0.0001596 6.9136
799 180 0.00015979999999999998 6.7744
800 182 0.00015999999999999999 6.8671999999999995
801 181 0.0001602 6.820799999999999
802 182 0.0001604 6.8671999999999995
803 180 0.0001606 6.7744
804 180 0.0001608 6.7744
805 181 0.00016099999999999998 6.820799999999999
806 182 0.0001612 6.8671999999999995
807 181 0.0001614 6.820799999999999
808 180 0.0001616 6.7744
809 180 0.0001618 6.7744
810 180 0.00016199999999999998 6.7744
811 179 0.00016219999999999999 6.728
812 180 0.0001624 6.7744
813 179 0.0001626 6.728
814 181 0.0001628 6.820799999999999
815 179 0.000163 6.728
816 179 0.00016319999999999998 6.728
817 179 0.0001634 6.728
818 182 0.0001636 6.8671999999999995
819 181 0.0001638 6.820799999999999
820 180 0.000164 6.7744
821 180 0.00016419999999999998 6.7744
822 178 0.00016439999999999998 6.6815999999999995
823 178 0.0001646 6.6815999999999995
824 177 0.0001648 6.635199999999999
825 178 0.000165 6.6815999999999995
826 179 0.0001652 6.728
827 180 0.00016539999999999998 6.7744
828 178 0.0001656 6.6815999999999995
829 178 0.0001658 6.6815999999999995
830 179 0.000166 6.728
831 179 0.0001662 6.728
832 177 0.00016639999999999998 6.635199999999999
833 177 0.00016659999999999998 6.635199999999999
834 177 0.0001668 6.635199999999999
835 178 0.000167 6.6815999999999995
836 178 0.0001672 6.6815999999999995
837 176 0.0001674 6.588799999999999
838 177 0.00016759999999999998 6.635199999999999
839 178 0.00016779999999999999 6.6815999999999995
840 176 0.000168 6.588799999999999
841 176 0.0001682 6.588799999999999
842 178 0.0001684 6.6815999999999995
843 179 0.0001686 6.728
844 177 0.00016879999999999998 6.635199999999999
845 176 0.000169 6.588799999999999
846 175 0.0001692 6.5424
847 177 0.0001694 6.635199999999999
848 177 0.0001696 6.635199999999999
849 174 0.00016979999999999998 6.4959999999999996
850 173 0.00016999999999999999 6.449599999999999
851 177 0.0001702 6.635199999999999
852 175 0.0001704 6.5424
853 174 0.0001706 6.4959999999999996
854 173 0.0001708 6.449599999999999
855 175 0.00017099999999999998 6.5424
856 175 0.0001712 6.5424
857 173 0.0001714 6.449599999999999
858 173 0.0001716 6.449599999999999
859 174 0.0001718 6.4959999999999996
860 173 0.00017199999999999998 6.449599999999999
861 172 0.00017219999999999998 6.4032
862 174 0.0001724 6.4959999999999996
863 174 0.0001726 6.4959999999999996
864 175 0.0001728 6.5424
865 173 0.000173 6.449599999999999
866 173 0.00017319999999999998 6.449599999999999
867 174 0.00017339999999999999 6.4959999999999996
868 175 0.0001736 6.5424
869 174 0.0001738 6.4959999999999996
870 171 0.000174 6.3568
871 171 0.00017419999999999998 6.3568
872 173 0.00017439999999999998 6.449599999999999
873 173 0.0001746 6.449599999999999
874 170 0.0001748 6.3104
875 171 0.000175 6.3568
876 170 0.0001752 6.3104
877 171 0.00017539999999999998 6.3568
878 171 0.00017559999999999999 6.3568
879 170 0.0001758 6.3104
880 172 0.000176 6.4032
881 171 0.0001762 6.3568
882 170 0.0001764 6.3104
883 169 0.00017659999999999998 6.263999999999999
884 171 0.0001768 6.3568
885 169 0.000177 6.263999999999999
886 169 0.0001772 6.263999999999999
887 170 0.0001774 6.3104
888 170 0.00017759999999999998 6.3104
889 170 0.00017779999999999998 6.3104
890 169 0.000178 6.263999999999999
891 168 0.0001782 6.217599999999999
892 169 0.0001784 6.263999999999999
893 169 0.0001786 6.263999999999999
894 169 0.00017879999999999998 6.263999999999999
895 167 0.000179 6.1712
896 169 0.0001792 6.263999999999999
897 169 0.0001794 6.263999999999999
898 168 0.0001796 6.217599999999999
899 165 0.00017979999999999998 6.078399999999999
900 167 0.00017999999999999998 6.1712
901 166 0.0001802 6.1248
902 167 0.0001804 6.1712
903 167 0.0001806 6.1712
904 168 0.0001808 6.217599999999999
905 167 0.00018099999999999998 6.1712
906 167 0.00018119999999999999 6.1712
907 165 0.0001814 6.078399999999999
908 166 0.0001816 6.1248
909 166 0.0001818 6.1248
910 165 0.00018199999999999998 6.078399999999999
911 167 0.00018219999999999998 6.1712
912 167 0.0001824 6.1712
913 166 0.0001826 6.1248
914 168 0.0001828 6.217599999999999
915 165 0.000183 6.078399999999999
916 165 0.00018319999999999998 6.078399999999999
917 166 0.00018339999999999999 6.1248
918 167 0.0001836 6.1712
919 164 0.0001838 6.032
920 164 0.000184 6.032
921 162 0.0001842 5.9392
922 164 0.00018439999999999998 6.032
923 164 0.0001846 6.032
924 164 0.0001848 6.032
925 166 0.000185 6.1248
926 164 0.0001852 6.032
927 164 0.00018539999999999998 6.032
928 164 0.00018559999999999998 6.032
929 165 0.0001858 6.078399999999999
930 165 0.000186 6.078399999999999
931 162 0.0001862 5.9392
932 162 0.0001864 5.9392
933 163 0.00018659999999999998 5.9856
934 162 0.0001868 5.9392
935 164 0.000187 6.032
936 162 0.0001872 5.9392
937 162 0.0001874 5.9392
938 163 0.00018759999999999998 5.9856
939 163 0.00018779999999999998 5.9856
940 162 0.000188 5.9392
941 162 0.0001882 5.9392
942 163 0.0001884 5.9856
943 161 0.0001886 5.892799999999999
944 161 0.00018879999999999998 5.892799999999999
945 162 0.00018899999999999999 5.9392
946 161 0.0001892 5.892799999999999
947 162 0.0001894 5.9392
948 162 0.0001896 5.9392
949 159 0.00018979999999999998 5.8
950 162 0.00018999999999999998 5.9392
951 160 0.0001902 5.846399999999999
952 159 0.0001904 5.8
953 159 0.0001906 5.8
954 161 0.0001908 5.892799999999999
955 161 0.00019099999999999998 5.892799999999999
956 158 0.00019119999999999999 5.7536
957 159 0.0001914 5.8
958 161 0.0001916 5.892799999999999
959 157 0.0001918 5.707199999999999
960 159 0.000192 5.8
961 158 0.00019219999999999998 5.7536
962 162 0.0001924 5.9392
963 159 0.0001926 5.8
964 157 0.0001928 5.707199999999999
965 158 0.000193 5.7536
966 158 0.00019319999999999998 5.7536
967 158 0.00019339999999999998 5.7536
968 158 0.0001936 5.7536
969 157 0.0001938 5.707199999999999
970 156 0.000194 5.6608
971 158 0.0001942 5.7536
972 157 0.00019439999999999998 5.707199999999999
973 156 0.0001946 5.6608
974 157 0.0001948 5.707199999999999
975 157 0.000195 5.707199999999999
976 155 0.0001952 5.6144
977 154 0.00019539999999999998 5.568
978 154 0.00019559999999999998 5.568
979 156 0.0001958 5.6608
980 154 0.000196 5.568
981 154 0.0001962 5.568
982 156 0.0001964 5.6608
983 156 0.00019659999999999998 5.6608
984 153 0.00019679999999999999 5.521599999999999
985 154 0.000197 5.568
986 154 0.0001972 5.568
987 154 0.0001974 5.568
988 155 0.00019759999999999998 5.6144
989 151 0.00019779999999999998 5.4288
990 153 0.000198 5.521599999999999
991 153 0.0001982 5.521599999999999
992 154 0.0001984 5.568
993 152 0.0001986 5.475199999999999
994 153 0.00019879999999999998 5.521599999999999
995 154 0.00019899999999999999 5.568
996 154 0.0001992 5.568
997 150 0.0001994 5.3824
998 151 0.0001996 5.4288
999 150 0.00019979999999999998 5.3824
1000 151 0.00019999999999999998 5.4288
1001 151 0.0002002 5.4288
1002 152 0.0002004 5.475199999999999
1003 150 0.0002006 5.3824
1004 152 0.0002008 5.475199999999999
1005 150 0.00020099999999999998 5.3824
1006 149 0.00020119999999999998 5.335999999999999
1007 149 0.0002014 5.335999999999999
1008 149 0.0002016 5.335999999999999
1009 148 0.0002018 5.2896
1010 149 0.000202 5.335999999999999
1011 148 0.00020219999999999998 5.2896
1012 151 0.0002024 5.4288
1013 149 0.0002026 5.335999999999999
1014 148 0.0002028 5.2896
1015 147 0.000203 5.2432
1016 150 0.00020319999999999998 5.3824
1017 150 0.00020339999999999998 5.3824
1018 148 0.0002036 5.2896
1019 147 0.0002038 5.2432
1020 147 0.000204 5.2432
1021 149 0.0002042 5.335999999999999
1022 147 0.00020439999999999998 5.2432
1023 148 0.00020459999999999999 5.2896
1024 149 0.0002048 5.335999999999999
1025 148 0.000205 5.2896
1026 146 0.0002052 5.1968
1027 147 0.00020539999999999998 5.2432
1028 149 0.00020559999999999998 5.335999999999999
1029 148 0.0002058 5.2896
1030 145 0.000206 5.150399999999999
1031 146 0.0002062 5.1968
1032 147 0.0002064 5.2432
1033 145 0.00020659999999999998 5.150399999999999
1034 145 0.00020679999999999999 5.150399999999999
1035 145 0.000207 5.150399999999999
1036 144 0.0002072 5.103999999999999
1037 146 0.0002074 5.1968
1038 146 0.00020759999999999998 5.1968
1039 145 0.00020779999999999998 5.150399999999999
1040 146 0.000208 5.1968
1041 146 0.0002082 5.1968
1042 146 0.0002084 5.1968
1043 143 0.0002086 5.0576
1044 144 0.00020879999999999998 5.103999999999999
1045 145 0.00020899999999999998 5.150399999999999
1046 144 0.0002092 5.103999999999999
1047 143 0.0002094 5.0576
1048 142 0.0002096 5.0112
1049 145 0.0002098 5.150399999999999
1050 142 0.00020999999999999998 5.0112
1051 142 0.0002102 5.0112
1052 142 0.0002104 5.0112
1053 144 0.0002106 5.103999999999999
1054 143 0.0002108 5.0576
1055 142 0.00021099999999999998 5.0112
1056 143 0.00021119999999999998 5.0576
1057 142 0.0002114 5.0112
1058 139 0.0002116 4.872
1059 141 0.0002118 4.964799999999999
1060 141 0.000212 4.964799999999999
1061 143 0.00021219999999999998 5.0576
1062 142 0.00021239999999999999 5.0112
1063 140 0.0002126 4.9184
1064 140 0.0002128 4.9184
1065 141 0.000213 4.964799999999999
1066 141 0.00021319999999999998 4.964799999999999
1067 141 0.00021339999999999998 4.964799999999999
1068 139 0.0002136 4.872
1069 140 0.0002138 4.9184
1070 141 0.000214 4.964799999999999
1071 141 0.0002142 4.964799999999999
1072 139 0.00021439999999999998 4.872
1073 138 0.00021459999999999998 4.8256
1074 138 0.0002148 4.8256
1075 137 0.000215 4.7791999999999994
1076 137 0.0002152 4.7791999999999994
1077 136 0.00021539999999999998 4.732799999999999
1078 138 0.00021559999999999998 4.8256
1079 138 0.0002158 4.8256
1080 138 0.000216 4.8256
1081 138 0.0002162 4.8256
1082 138 0.0002164 4.8256
1083 135 0.00021659999999999998 4.6864
1084 136 0.00021679999999999998 4.732799999999999
1085 137 0.000217 4.7791999999999994
1086 136 0.0002172 4.732799999999999
1087 137 0.0002174 4.7791999999999994
1088 134 0.00021759999999999998 4.64
1089 135 0.00021779999999999998 4.6864
1090 137 0.00021799999999999999 4.7791999999999994
1091 136 0.0002182 4.732799999999999
1092 136 0.0002184 4.732799999999999
1093 135 0.0002186 4.6864
1094 135 0.00021879999999999998 4.6864
1095 135 0.00021899999999999998 4.6864
1096 135 0.0002192 4.6864
1097 134 0.0002194 4.64
1098 135 0.0002196 4.6864
1099 135 0.0002198 4.6864
1100 135 0.00021999999999999998 4.6864
1101 134 0.00022019999999999999 4.64
1102 132 0.0002204 4.5472
1103 132 0.0002206 4.5472
1104 134 0.0002208 4.64
1105 132 0.00022099999999999998 4.5472
1106 133 0.00022119999999999998 4.5935999999999995
1107 132 0.0002214 4.5472
1108 131 0.0002216 4.5008
1109 132 0.0002218 4.5472
1110 131 0.000222 4.5008
1111 132 0.00022219999999999998 4.5472
1112 133 0.00022239999999999998 4.5935999999999995
1113 130 0.0002226 4.4544
1114 131 0.0002228 4.5008
1115 132 0.000223 4.5472
1116 132 0.00022319999999999998 4.5472
1117 130 0.00022339999999999998 4.4544
1118 130 0.0002236 4.4544
1119 131 0.0002238 4.5008
1120 132 0.000224 4.5472
1121 131 0.0002242 4.5008
1122 128 0.00022439999999999998 4.361599999999999
1123 132 0.00022459999999999998 4.5472
1124 130 0.0002248 4.4544
1125 129 0.000225 4.4079999999999995
1126 128 0.0002252 4.361599999999999
1127 131 0.00022539999999999998 4.5008
1128 130 0.00022559999999999998 4.4544
1129 128 0.00022579999999999999 4.361599999999999
1130 127 0.000226 4.3152
1131 127 0.0002262 4.3152
1132 128 0.0002264 4.361599999999999
1133 127 0.00022659999999999998 4.3152
1134 126 0.00022679999999999998 4.2688
1135 127 0.000227 4.3152
1136 127 0.0002272 4.3152
1137 128 0.0002274 4.361599999999999
1138 125 0.0002276 4.2223999999999995
1139 127 0.00022779999999999998 4.3152
1140 129 0.00022799999999999999 4.4079999999999995
1141 127 0.0002282 4.3152
1142 125 0.0002284 4.2223999999999995
1143 126 0.0002286 4.2688
1144 126 0.00022879999999999998 4.2688
1145 126 0.00022899999999999998 4.2688
1146 124 0.0002292 4.176
1147 124 0.0002294 4.176
1148 125 0.0002296 4.2223999999999995
1149 124 0.0002298 4.176
1150 124 0.00022999999999999998 4.176
1151 124 0.00023019999999999998 4.176
1152 123 0.0002304 4.1296
1153 126 0.0002306 4.2688
1154 124 0.0002308 4.176
1155 122 0.00023099999999999998 4.0832
1156 125 0.00023119999999999998 4.2223999999999995
1157 123 0.0002314 4.1296
1158 121 0.0002316 4.0367999999999995
1159 121 0.0002318 4.0367999999999995
1160 125 0.000232 4.2223999999999995
1161 123 0.00023219999999999998 4.1296
1162 123 0.00023239999999999998 4.1296
1163 123 0.0002326 4.1296
1164 123 0.0002328 4.1296
1165 122 0.000233 4.0832
1166 121 0.00023319999999999998 4.0367999999999995
1167 121 0.00023339999999999998 4.0367999999999995
1168 122 0.00023359999999999999 4.0832
1169 121 0.0002338 4.0367999999999995
1170 122 0.000234 4.0832
1171 120 0.0002342 3.9903999999999997
1172 119 0.00023439999999999998 3.944
1173 120 0.00023459999999999998 3.9903999999999997
1174 118 0.0002348 3.8975999999999997
1175 119 0.000235 3.944
1176 118 0.0002352 3.8975999999999997
1177 121 0.0002354 4.0367999999999995
1178 120 0.00023559999999999998 3.9903999999999997
1179 119 0.00023579999999999999 3.944
1180 119 0.000236 3.944
1181 120 0.0002362 3.9903999999999997
1182 117 0.0002364 3.8511999999999995
1183 117 0.00023659999999999998 3.8511999999999995
1184 116 0.00023679999999999998 3.8047999999999997
1185 118 0.000237 3.8975999999999997
1186 120 0.0002372 3.9903999999999997
1187 115 0.0002374 3.7584
1188 116 0.0002376 3.8047999999999997
1189 118 0.00023779999999999998 3.8975999999999997
1190 118 0.00023799999999999998 3.8975999999999997
1191 116 0.0002382 3.8047999999999997
1192 115 0.0002384 3.7584
1193 116 0.0002386 3.8047999999999997
1194 118 0.00023879999999999998 3.8975999999999997
1195 117 0.00023899999999999998 3.8511999999999995
1196 116 0.0002392 3.8047999999999997
1197 114 0.0002394 3.7119999999999997
1198 115 0.0002396 3.7584
1199 114 0.0002398 3.7119999999999997
1200 115 0.00023999999999999998 3.7584
1201 113 0.00024019999999999998 3.6655999999999995
1202 115 0.0002404 3.7584
1203 116 0.0002406 3.8047999999999997
1204 114 0.0002408 3.7119999999999997
1205 114 0.00024099999999999998 3.7119999999999997
1206 113 0.00024119999999999998 3.6655999999999995
1207 114 0.00024139999999999999 3.7119999999999997
1208 113 0.0002416 3.6655999999999995
1209 113 0.0002418 3.6655999999999995
1210 114 0.000242 3.7119999999999997
1211 114 0.00024219999999999998 3.7119999999999997
1212 111 0.00024239999999999998 3.5728
1213 111 0.0002426 3.5728
1214 112 0.0002428 3.6191999999999998
1215 113 0.000243 3.6655999999999995
1216 110 0.0002432 3.5263999999999998
1217 111 0.00024339999999999998 3.5728
1218 111 0.00024359999999999999 3.5728
1219 113 0.0002438 3.6655999999999995
1220 111 0.000244 3.5728
1221 109 0.00024419999999999997 3.4799999999999995
1222 111 0.0002444 3.5728
1223 111 0.0002446 3.5728
1224 109 0.0002448 3.4799999999999995
1225 110 0.000245 3.5263999999999998
1226 110 0.0002452 3.5263999999999998
1227 111 0.0002454 3.5728
1228 110 0.0002456 3.5263999999999998
1229 107 0.0002458 3.3872
1230 109 0.00024599999999999996 3.4799999999999995
1231 110 0.00024619999999999997 3.5263999999999998
1232 109 0.00024639999999999997 3.4799999999999995
1233 107 0.0002466 3.3872
1234 108 0.0002468 3.4335999999999998
1235 109 0.000247 3.4799999999999995
1236 107 0.0002472 3.3872
1237 108 0.0002474 3.4335999999999998
1238 108 0.0002476 3.4335999999999998
1239 110 0.0002478 3.5263999999999998
1240 109 0.000248 3.4799999999999995
1241 106 0.0002482 3.3407999999999998
1242 107 0.00024839999999999997 3.3872
1243 108 0.00024859999999999997 3.4335999999999998
1244 108 0.0002488 3.4335999999999998
1245 107 0.000249 3.3872
1246 104 0.0002492 3.2479999999999998
1247 106 0.0002494 3.3407999999999998
1248 104 0.0002496 3.2479999999999998
1249 106 0.0002498 3.3407999999999998
1250 104 0.00025 3.2479999999999998
1251 104 0.0002502 3.2479999999999998
1252 105 0.0002504 3.2943999999999996
1253 104 0.00025059999999999997 3.2479999999999998
1254 104 0.00025079999999999997 3.2479999999999998
1255 106 0.000251 3.3407999999999998
1256 104 0.0002512 3.2479999999999998
1257 104 0.0002514 3.2479999999999998
1258 104 0.0002516 3.2479999999999998
1259 106 0.0002518 3.3407999999999998
1260 104 0.000252 3.2479999999999998
1261 103 0.0002522 3.2016
1262 103 0.0002524 3.2016
1263 105 0.0002526 3.2943999999999996
1264 106 0.00025279999999999996 3.3407999999999998
1265 104 0.00025299999999999997 3.2479999999999998
1266 102 0.0002532 3.1552
1267 101 0.0002534 3.1087999999999996
1268 104 0.0002536 3.2479999999999998
1269 104 0.0002538 3.2479999999999998
1270 100 0.000254 3.0624
1271 101 0.0002542 3.1087999999999996
1272 102 0.0002544 3.1552
1273 100 0.0002546 3.0624
1274 101 0.0002548 3.1087999999999996
1275 99 0.00025499999999999996 3.016
1276 102 0.00025519999999999997 3.1552
1277 101 0.0002554 3.1087999999999996
1278 101 0.0002556 3.1087999999999996
1279 100 0.0002558 3.0624
1280 100 0.000256 3.0624
1281 100 0.0002562 3.0624
1282 101 0.0002564 3.1087999999999996
1283 99 0.0002566 3.016
1284 101 0.0002568 3.1087999999999996
1285 100 0.000257 3.0624
1286 97 0.00025719999999999996 2.9231999999999996
1287 98 0.00025739999999999997 2.9696
1288 99 0.0002576 3.016
1289 100 0.0002578 3.0624
1290 97 0.000258 2.9231999999999996
1291 96 0.0002582 2.8768
1292 97 0.0002584 2.9231999999999996
1293 99 0.0002586 3.016
1294 98 0.0002588 2.9696
1295 99 0.000259 3.016
1296 97 0.0002592 2.9231999999999996
1297 97 0.00025939999999999996 2.9231999999999996
1298 96 0.00025959999999999997 2.8768
1299 98 0.00025979999999999997 2.9696
1300 96 0.00026 2.8768
1301 97 0.0002602 2.9231999999999996
1302 96 0.0002604 2.8768
1303 97 0.0002606 2.9231999999999996
1304 96 0.0002608 2.8768
1305 96 0.000261 2.8768
1306 95 0.0002612 2.8304
1307 96 0.0002614 2.8768
1308 97 0.00026159999999999996 2.9231999999999996
1309 97 0.00026179999999999997 2.9231999999999996
1310 97 0.00026199999999999997 2.9231999999999996
1311 94 0.0002622 2.784
1312 95 0.0002624 2.8304
1313 95 0.0002626 2.8304
1314 96 0.0002628 2.8768
1315 93 0.000263 2.7375999999999996
1316 94 0.0002632 2.784
1317 95 0.0002634 2.8304
1318 94 0.0002636 2.784
1319 94 0.00026379999999999996 2.784
1320 91 0.00026399999999999997 2.6448
1321 94 0.00026419999999999997 2.784
1322 94 0.0002644 2.784
1323 91 0.0002646 2.6448
1324 92 0.0002648 2.6912
1325 95 0.000265 2.8304
1326 93 0.0002652 2.7375999999999996
1327 90 0.0002654 2.5984
1328 92 0.0002656 2.6912
1329 91 0.0002658 2.6448
1330 91 0.000266 2.6448
1331 92 0.00026619999999999997 2.6912
1332 91 0.00026639999999999997 2.6448
1333 91 0.0002666 2.6448
1334 93 0.0002668 2.7375999999999996
1335 93 0.000267 2.7375999999999996
1336 91 0.0002672 2.6448
1337 92 0.0002674 2.6912
1338 92 0.0002676 2.6912
1339 91 0.0002678 2.6448
1340 90 0.000268 2.5984
1341 91 0.0002682 2.6448
1342 89 0.00026839999999999996 2.5519999999999996
1343 90 0.00026859999999999997 2.5984
1344 88 0.0002688 2.5056
1345 88 0.000269 2.5056
1346 90 0.0002692 2.5984
1347 88 0.0002694 2.5056
1348 88 0.0002696 2.5056
1349 88 0.0002698 2.5056
1350 87 0.00027 2.4592
1351 89 0.0002702 2.5519999999999996
1352 87 0.0002704 2.4592
1353 87 0.00027059999999999996 2.4592
1354 89 0.00027079999999999997 2.5519999999999996
1355 88 0.000271 2.5056
1356 87 0.0002712 2.4592
1357 89 0.0002714 2.5519999999999996
1358 88 0.0002716 2.5056
1359 88 0.0002718 2.5056
1360 85 0.000272 2.3663999999999996
1361 87 0.0002722 2.4592
1362 89 0.0002724 2.5519999999999996
1363 88 0.0002726 2.5056
1364 86 0.00027279999999999996 2.4128
1365 86 0.00027299999999999997 2.4128
1366 85 0.00027319999999999997 2.3663999999999996
1367 87 0.0002734 2.4592
1368 87 0.0002736 2.4592
1369 84 0.0002738 2.32
1370 84 0.000274 2.32
1371 87 0.0002742 2.4592
1372 85 0.0002744 2.3663999999999996
1373 84 0.0002746 2.32
1374 84 0.0002748 2.32
1375 86 0.00027499999999999996 2.4128
1376 85 0.00027519999999999997 2.3663999999999996
1377 85 0.00027539999999999997 2.3663999999999996
1378 84 0.0002756 2.32
1379 85 0.0002758 2.3663999999999996
1380 83 0.000276 2.2736
1381 84 0.0002762 2.32
1382 83 0.0002764 2.2736
1383 85 0.0002766 2.3663999999999996
1384 84 0.0002768 2.32
1385 83 0.000277 2.2736
1386 84 0.00027719999999999996 2.32
1387 84 0.00027739999999999997 2.32
1388 83 0.00027759999999999997 2.2736
1389 80 0.0002778 2.1344
1390 82 0.000278 2.2272
1391 82 0.0002782 2.2272
1392 82 0.0002784 2.2272
1393 82 0.0002786 2.2272
1394 81 0.0002788 2.1807999999999996
1395 81 0.000279 2.1807999999999996
1396 81 0.0002792 2.1807999999999996
1397 81 0.00027939999999999996 2.1807999999999996
1398 82 0.00027959999999999997 2.2272
1399 79 0.00027979999999999997 2.088
1400 82 0.00028 2.2272
1401 82 0.0002802 2.2272
1402 79 0.0002804 2.088
1403 80 0.0002806 2.1344
1404 82 0.0002808 2.2272
1405 79 0.000281 2.088
1406 80 0.0002812 2.1344
1407 80 0.0002814 2.1344
1408 81 0.0002816 2.1807999999999996
1409 81 0.00028179999999999997 2.1807999999999996
1410 80 0.00028199999999999997 2.1344
1411 79 0.0002822 2.088
1412 80 0.0002824 2.1344
1413 81 0.0002826 2.1807999999999996
1414 78 0.0002828 2.0416
1415 80 0.000283 2.1344
1416 77 0.0002832 1.9951999999999999
1417 79 0.0002834 2.088
1418 78 0.0002836 2.0416
1419 77 0.0002838 1.9951999999999999
1420 81 0.00028399999999999996 2.1807999999999996
1421 80 0.00028419999999999997 2.1344
1422 77 0.0002844 1.9951999999999999
1423 79 0.0002846 2.088
1424 79 0.0002848 2.088
1425 78 0.000285 2.0416
1426 77 0.0002852 1.9951999999999999
1427 76 0.0002854 1.9487999999999999
1428 77 0.0002856 1.9951999999999999
1429 75 0.0002858 1.9023999999999999
1430 77 0.000286 1.9951999999999999
1431 75 0.00028619999999999996 1.9023999999999999
1432 78 0.00028639999999999997 2.0416
1433 79 0.0002866 2.088
1434 76 0.0002868 1.9487999999999999
1435 76 0.000287 1.9487999999999999
1436 76 0.0002872 1.9487999999999999
1437 76 0.0002874 1.9487999999999999
1438 76 0.0002876 1.9487999999999999
1439 75 0.0002878 1.9023999999999999
1440 75 0.000288 1.9023999999999999
1441 76 0.0002882 1.9487999999999999
1442 76 0.00028839999999999996 1.9487999999999999
1443 76 0.00028859999999999997 1.9487999999999999
1444 73 0.00028879999999999997 1.8095999999999999
1445 75 0.000289 1.9023999999999999
1446 75 0.0002892 1.9023999999999999
1447 75 0.0002894 1.9023999999999999
1448 73 0.0002896 1.8095999999999999
1449 76 0.0002898 1.9487999999999999
1450 75 0.00029 1.9023999999999999
1451 75 0.0002902 1.9023999999999999
1452 75 0.0002904 1.9023999999999999
1453 76 0.00029059999999999996 1.9487999999999999
1454 72 0.00029079999999999997 1.7631999999999999
1455 73 0.00029099999999999997 1.8095999999999999
1456 73 0.0002912 1.8095999999999999
1457 77 0.0002914 1.9951999999999999
1458 73 0.0002916 1.8095999999999999
1459 71 0.0002918 1.7167999999999999
1460 72 0.000292 1.7631999999999999
1461 73 0.0002922 1.8095999999999999
1462 72 0.0002924 1.7631999999999999
1463 72 0.0002926 1.7631999999999999
1464 72 0.00029279999999999996 1.7631999999999999
1465 73 0.00029299999999999997 1.8095999999999999
1466 74 0.00029319999999999997 1.8559999999999999
1467 73 0.0002934 1.8095999999999999
1468 70 0.0002936 1.6703999999999999
1469 71 0.0002938 1.7167999999999999
1470 72 0.000294 1.7631999999999999
1471 70 0.0002942 1.6703999999999999
1472 70 0.0002944 1.6703999999999999
1473 69 0.0002946 1.6239999999999999
1474 72 0.0002948 1.7631999999999999
1475 72 0.00029499999999999996 1.7631999999999999
1476 68 0.00029519999999999997 1.5776
1477 69 0.00029539999999999997 1.6239999999999999
1478 71 0.0002956 1.7167999999999999
1479 69 0.0002958 1.6239999999999999
1480 72 0.000296 1.7631999999999999
1481 69 0.0002962 1.6239999999999999
1482 70 0.0002964 1.6703999999999999
1483 71 0.0002966 1.7167999999999999
1484 69 0.0002968 1.6239999999999999
1485 69 0.000297 1.6239999999999999
1486 71 0.00029719999999999996 1.7167999999999999
1487 72 0.00029739999999999996 1.7631999999999999
1488 68 0.00029759999999999997 1.5776
1489 68 0.0002978 1.5776
1490 69 0.000298 1.6239999999999999
1491 69 0.0002982 1.6239999999999999
1492 67 0.0002984 1.5312
1493 69 0.0002986 1.6239999999999999
1494 67 0.0002988 1.5312
1495 68 0.000299 1.5776
1496 67 0.0002992 1.5312
1497 67 0.0002994 1.5312
1498 69 0.00029959999999999996 1.6239999999999999
1499 69 0.00029979999999999997 1.6239999999999999
1500 70 0.0003 1.6703999999999999
1501 67 0.0003002 1.5312
1502 66 0.0003004 1.4848
1503 68 0.0003006 1.5776
1504 68 0.0003008 1.5776
1505 67 0.000301 1.5312
1506 68 0.0003012 1.5776
1507 67 0.0003014 1.5312
1508 68 0.0003016 1.5776
1509 66 0.00030179999999999996 1.4848
1510 67 0.00030199999999999997 1.5312
1511 69 0.0003022 1.6239999999999999
1512 68 0.0003024 1.5776
1513 65 0.0003026 1.4384
1514 67 0.0003028 1.5312
1515 67 0.000303 1.5312
1516 67 0.0003032 1.5312
1517 66 0.0003034 1.4848
1518 66 0.0003036 1.4848
1519 67 0.0003038 1.5312
1520 65 0.00030399999999999996 1.4384
1521 64 0.00030419999999999997 1.392
1522 66 0.00030439999999999997 1.4848
1523 66 0.0003046 1.4848
1524 66 0.0003048 1.4848
1525 64 0.000305 1.392
1526 64 0.0003052 1.392
1527 64 0.0003054 1.392
1528 64 0.0003056 1.392
1529 65 0.0003058 1.4384
1530 64 0.000306 1.392
1531 65 0.00030619999999999996 1.4384
1532 67 0.00030639999999999997 1.5312
1533 64 0.00030659999999999997 1.392
1534 63 0.0003068 1.3456
1535 65 0.000307 1.4384
1536 66 0.0003072 1.4848
1537 62 0.0003074 1.2992
1538 63 0.0003076 1.3456
1539 63 0.0003078 1.3456
1540 65 0.000308 1.4384
1541 64 0.0003082 1.392
1542 61 0.00030839999999999996 1.2528
1543 61 0.00030859999999999997 1.2528
1544 64 0.00030879999999999997 1.392
1545 60 0.000309 1.2064
1546 62 0.0003092 1.2992
1547 64 0.0003094 1.392
1548 63 0.0003096 1.3456
1549 62 0.0003098 1.2992
1550 63 0.00031 1.3456
1551 62 0.0003102 1.2992
1552 63 0.0003104 1.3456
1553 60 0.00031059999999999996 1.2064
1554 62 0.00031079999999999997 1.2992
1555 62 0.00031099999999999997 1.2992
1556 63 0.0003112 1.3456
1557 61 0.0003114 1.2528
1558 60 0.0003116 1.2064
1559 60 0.0003118 1.2064
1560 61 0.000312 1.2528
1561 61 0.0003122 1.2528
1562 61 0.0003124 1.2528
1563 60 0.0003126 1.2064
1564 60 0.00031279999999999996 1.2064
1565 62 0.00031299999999999996 1.2992
1566 61 0.00031319999999999997 1.2528
1567 59 0.0003134 1.16
1568 59 0.0003136 1.16
1569 60 0.0003138 1.2064
1570 59 0.000314 1.16
1571 58 0.0003142 1.1136
1572 58 0.0003144 1.1136
1573 61 0.0003146 1.2528
1574 60 0.0003148 1.2064
1575 58 0.00031499999999999996 1.1136
1576 58 0.00031519999999999996 1.1136
1577 61 0.00031539999999999997 1.2528
1578 59 0.0003156 1.16
1579 60 0.0003158 1.2064
1580 58 0.000316 1.1136
1581 60 0.0003162 1.2064
1582 59 0.0003164 1.16
1583 58 0.0003166 1.1136
1584 59 0.0003168 1.16
1585 59 0.000317 1.16
1586 58 0.0003172 1.1136
1587 57 0.00031739999999999996 1.0672
1588 58 0.00031759999999999997 1.1136
1589 59 0.00031779999999999997 1.16
1590 57 0.000318 1.0672
1591 57 0.0003182 1.0672
1592 57 0.0003184 1.0672
1593 58 0.0003186 1.1136
1594 58 0.0003188 1.1136
1595 57 0.000319 1.0672
1596 56 0.0003192 1.0208
1597 56 0.0003194 1.0208
1598 57 0.00031959999999999996 1.0672
1599 57 0.00031979999999999997 1.0672
1600 57 0.00031999999999999997 1.0672
1601 57 0.0003202 1.0672
1602 56 0.0003204 1.0208
1603 57 0.0003206 1.0672
1604 56 0.0003208 1.0208
1605 54 0.000321 0.9279999999999999
1606 56 0.0003212 1.0208
1607 58 0.0003214 1.1136
1608 56 0.0003216 1.0208
1609 56 0.00032179999999999996 1.0208
1610 57 0.00032199999999999997 1.0672
1611 57 0.00032219999999999997 1.0672
1612 55 0.0003224 0.9743999999999999
1613 55 0.0003226 0.9743999999999999
1614 55 0.0003228 0.9743999999999999
1615 57 0.000323 1.0672
1616 55 0.0003232 0.9743999999999999
1617 53 0.0003234 0.8815999999999999
1618 56 0.0003236 1.0208
1619 55 0.0003238 0.9743999999999999
1620 54 0.00032399999999999996 0.9279999999999999
1621 55 0.00032419999999999997 0.9743999999999999
1622 54 0.00032439999999999997 0.9279999999999999
1623 55 0.0003246 0.9743999999999999
1624 54 0.0003248 0.9279999999999999
1625 53 0.000325 0.8815999999999999
1626 52 0.0003252 0.8351999999999999
1627 55 0.0003254 0.9743999999999999
1628 55 0.0003256 0.9743999999999999
1629 53 0.0003258 0.8815999999999999
1630 54 0.000326 0.9279999999999999
1631 56 0.00032619999999999996 1.0208
1632 55 0.00032639999999999996 0.9743999999999999
1633 54 0.00032659999999999997 0.9279999999999999
1634 55 0.0003268 0.9743999999999999
1635 54 0.000327 0.9279999999999999
1636 54 0.0003272 0.9279999999999999
1637 53 0.0003274 0.8815999999999999
1638 54 0.0003276 0.9279999999999999
1639 54 0.0003278 0.9279999999999999
1640 53 0.000328 0.8815999999999999
1641 52 0.0003282 0.8351999999999999
1642 52 0.00032839999999999996 0.8351999999999999
1643 55 0.00032859999999999996 0.9743999999999999
1644 52 0.00032879999999999997 0.8351999999999999
1645 53 0.000329 0.8815999999999999
1646 51 0.0003292 0.7888
1647 54 0.0003294 0.9279999999999999
1648 54 0.0003296 0.9279999999999999
1649 52 0.0003298 0.8351999999999999
1650 51 0.00033 0.7888
1651 53 0.0003302 0.8815999999999999
1652 50 0.0003304 0.7424
1653 51 0.00033059999999999996 0.7888
1654 52 0.00033079999999999996 0.8351999999999999
1655 54 0.00033099999999999997 0.9279999999999999
1656 53 0.0003312 0.8815999999999999
1657 51 0.0003314 0.7888
1658 51 0.0003316 0.7888
1659 50 0.0003318 0.7424
1660 51 0.000332 0.7888
1661 51 0.0003322 0.7888
1662 51 0.0003324 0.7888
1663 50 0.0003326 0.7424
1664 52 0.00033279999999999996 0.8351999999999999
1665 53 0.00033299999999999996 0.8815999999999999
1666 50 0.00033319999999999997 0.7424
1667 51 0.00033339999999999997 0.7888
1668 51 0.0003336 0.7888
1669 48 0.0003338 0.6496
1670 49 0.000334 0.696
1671 48 0.0003342 0.6496
1672 52 0.0003344 0.8351999999999999
1673 50 0.0003346 0.7424
1674 51 0.0003348 0.7888
1675 50 0.000335 0.7424
1676 50 0.00033519999999999996 0.7424
1677 49 0.00033539999999999997 0.696
1678 50 0.00033559999999999997 0.7424
1679 49 0.0003358 0.696
1680 51 0.000336 0.7888
1681 51 0.0003362 0.7888
1682 48 0.0003364 0.6496
1683 49 0.0003366 0.696
1684 51 0.0003368 0.7888
1685 49 0.000337 0.696
1686 49 0.0003372 0.696
1687 49 0.00033739999999999996 0.696
1688 48 0.00033759999999999997 0.6496
1689 50 0.00033779999999999997 0.7424
1690 48 0.000338 0.6496
1691 47 0.0003382 0.6032
1692 48 0.0003384 0.6496
1693 50 0.0003386 0.7424
1694 48 0.0003388 0.6496
1695 48 0.000339 0.6496
1696 47 0.0003392 0.6032
1697 50 0.0003394 0.7424
1698 49 0.00033959999999999996 0.696
1699 50 0.00033979999999999997 0.7424
1700 48 0.00033999999999999997 0.6496
1701 50 0.0003402 0.7424
1702 47 0.0003404 0.6032
1703 48 0.0003406 0.6496
1704 47 0.0003408 0.6032
1705 49 0.000341 0.696
1706 49 0.0003412 0.696
1707 48 0.0003414 0.6496
1708 47 0.0003416 0.6032
1709 48 0.00034179999999999996 0.6496
1710 48 0.00034199999999999996 0.6496
1711 47 0.00034219999999999997 0.6032
1712 46 0.0003424 0.5568
1713 47 0.0003426 0.6032
1714 47 0.0003428 0.6032
1715 47 0.000343 0.6032
1716 45 0.0003432 0.5104
1717 48 0.0003434 0.6496
1718 48 0.0003436 0.6496
1719 46 0.0003438 0.5568
1720 46 0.00034399999999999996 0.5568
1721 49 0.00034419999999999996 0.696
1722 46 0.00034439999999999997 0.5568
1723 46 0.0003446 0.5568
1724 46 0.0003448 0.5568
1725 45 0.000345 0.5104
1726 46 0.0003452 0.5568
1727 46 0.0003454 0.5568
1728 45 0.0003456 0.5104
1729 45 0.0003458 0.5104
1730 47 0.000346 0.6032
1731 48 0.00034619999999999996 0.6496
1732 45 0.00034639999999999996 0.5104
1733 47 0.00034659999999999997 0.6032
1734 47 0.00034679999999999997 0.6032
1735 47 0.000347 0.6032
1736 44 0.0003472 0.46399999999999997
1737 46 0.0003474 0.5568
1738 48 0.0003476 0.6496
1739 47 0.0003478 0.6032
1740 45 0.000348 0.5104
1741 44 0.0003482 0.46399999999999997
1742 46 0.00034839999999999996 0.5568
1743 43 0.00034859999999999996 0.41759999999999997
1744 45 0.00034879999999999997 0.5104
1745 45 0.00034899999999999997 0.5104
1746 45 0.0003492 0.5104
1747 45 0.0003494 0.5104
1748 44 0.0003496 0.46399999999999997
1749 45 0.0003498 0.5104
1750 46 0.00035 0.5568
1751 45 0.0003502 0.5104
1752 44 0.0003504 0.46399999999999997
1753 44 0.0003506 0.46399999999999997
1754 46 0.00035079999999999996 0.5568
1755 45 0.00035099999999999997 0.5104
1756 43 0.00035119999999999997 0.41759999999999997
1757 43 0.0003514 0.41759999999999997
1758 46 0.0003516 0.5568
1759 44 0.0003518 0.46399999999999997
1760 45 0.000352 0.5104
1761 42 0.0003522 0.3712
1762 43 0.0003524 0.41759999999999997
1763 45 0.0003526 0.5104
1764 46 0.0003528 0.5568
1765 44 0.00035299999999999996 0.46399999999999997
1766 44 0.00035319999999999997 0.46399999999999997
1767 44 0.00035339999999999997 0.46399999999999997
1768 41 0.0003536 0.3248
1769 42 0.0003538 0.3712
1770 43 0.000354 0.41759999999999997
1771 45 0.0003542 0.5104
1772 44 0.0003544 0.46399999999999997
1773 43 0.0003546 0.41759999999999997
1774 43 0.0003548 0.41759999999999997
1775 45 0.000355 0.5104
1776 41 0.00035519999999999996 0.3248
1777 44 0.00035539999999999997 0.46399999999999997
1778 44 0.00035559999999999997 0.46399999999999997
1779 44 0.0003558 0.46399999999999997
1780 45 0.000356 0.5104
1781 41 0.0003562 0.3248
1782 44 0.0003564 0.46399999999999997
1783 45 0.0003566 0.5104
1784 44 0.0003568 0.46399999999999997
1785 42 0.000357 0.3712
1786 42 0.0003572 0.3712
1787 44 0.00035739999999999996 0.46399999999999997
1788 44 0.00035759999999999996 0.46399999999999997
1789 42 0.00035779999999999997 0.3712
1790 41 0.000358 0.3248
1791 43 0.0003582 0.41759999999999997
1792 43 0.0003584 0.41759999999999997
1793 42 0.0003586 0.3712
1794 42 0.0003588 0.3712
1795 41 0.000359 0.3248
1796 44 0.0003592 0.46399999999999997
1797 44 0.0003594 0.46399999999999997
1798 44 0.00035959999999999996 0.46399999999999997
1799 42 0.00035979999999999996 0.3712
1800 42 0.00035999999999999997 0.3712
1801 42 0.0003602 0.3712
1802 42 0.0003604 0.3712
1803 43 0.0003606 0.41759999999999997
1804 43 0.0003608 0.41759999999999997
1805 43 0.000361 0.41759999999999997
1806 41 0.0003612 0.3248
1807 41 0.0003614 0.3248
1808 43 0.0003616 0.41759999999999997
1809 42 0.00036179999999999996 0.3712
1810 42 0.00036199999999999996 0.3712
1811 43 0.00036219999999999997 0.41759999999999997
1812 43 0.00036239999999999997 0.41759999999999997
1813 43 0.0003626 0.41759999999999997
1814 42 0.0003628 0.3712
1815 41 0.000363 0.3248
1816 43 0.0003632 0.41759999999999997
1817 44 0.0003634 0.46399999999999997
1818 41 0.0003636 0.3248
1819 41 0.0003638 0.3248
1820 42 0.00036399999999999996 0.3712
1821 42 0.00036419999999999996 0.3712
1822 41 0.00036439999999999997 0.3248
1823 40 0.00036459999999999997 0.2784
1824 41 0.0003648 0.3248
1825 42 0.000365 0.3712
1826 41 0.0003652 0.3248
1827 39 0.0003654 0.23199999999999998
1828 41 0.0003656 0.3248
1829 42 0.0003658 0.3712
1830 42 0.000366 0.3712
1831 41 0.00036619999999999996 0.3248
1832 41 0.00036639999999999996 0.3248
1833 43 0.00036659999999999997 0.41759999999999997
1834 43 0.00036679999999999997 0.41759999999999997
1835 42 0.000367 0.3712
1836 41 0.0003672 0.3248
1837 43 0.0003674 0.41759999999999997
1838 42 0.0003676 0.3712
1839 40 0.0003678 0.2784
1840 39 0.000368 0.23199999999999998
1841 41 0.0003682 0.3248
1842 39 0.0003684 0.23199999999999998
1843 41 0.00036859999999999996 0.3248
1844 40 0.00036879999999999997 0.2784
1845 41 0.00036899999999999997 0.3248
1846 42 0.0003692 0.3712
1847 41 0.0003694 0.3248
1848 39 0.0003696 0.23199999999999998
1849 42 0.0003698 0.3712
1850 39 0.00037 0.23199999999999998
1851 41 0.0003702 0.3248
1852 41 0.0003704 0.3248
1853 42 0.0003706 0.3712
1854 41 0.00037079999999999996 0.3248
1855 40 0.00037099999999999996 0.2784
1856 40 0.00037119999999999997 0.2784
1857 42 0.0003714 0.3712
1858 40 0.0003716 0.2784
1859 40 0.0003718 0.2784
1860 38 0.000372 0.1856
1861 40 0.0003722 0.2784
1862 42 0.0003724 0.3712
1863 41 0.0003726 0.3248
1864 41 0.0003728 0.3248
1865 40 0.00037299999999999996 0.2784
1866 41 0.00037319999999999996 0.3248
1867 38 0.00037339999999999997 0.1856
1868 38 0.0003736 0.1856
1869 40 0.0003738 0.2784
1870 42 0.000374 0.3712
1871 41 0.0003742 0.3248
1872 39 0.0003744 0.23199999999999998
1873 38 0.0003746 0.1856
1874 40 0.0003748 0.2784
1875 40 0.000375 0.2784
1876 39 0.00037519999999999996 0.23199999999999998
1877 39 0.00037539999999999996 0.23199999999999998
1878 42 0.00037559999999999997 0.3712
1879 41 0.0003758 0.3248
1880 39 0.000376 0.23199999999999998
1881 38 0.0003762 0.1856
1882 41 0.0003764 0.3248
1883 41 0.0003766 0.3248
1884 39 0.0003768 0.23199999999999998
1885 38 0.000377 0.1856
1886 40 0.0003772 0.2784
1887 41 0.00037739999999999996 0.3248
1888 39 0.00037759999999999996 0.23199999999999998
1889 37 0.00037779999999999997 0.1392
1890 38 0.00037799999999999997 0.1856
1891 38 0.0003782 0.1856
1892 37 0.0003784 0.1392
1893 38 0.0003786 0.1856
1894 38 0.0003788 0.1856
1895 40 0.000379 0.2784
1896 41 0.0003792 0.3248
1897 36 0.0003794 0.0928
1898 38 0.00037959999999999996 0.1856
1899 40 0.00037979999999999996 0.2784
1900 38 0.00037999999999999997 0.1856
1901 39 0.00038019999999999997 0.23199999999999998
1902 39 0.0003804 0.23199999999999998
1903 39 0.0003806 0.23199999999999998
1904 40 0.0003808 0.2784
1905 39 0.000381 0.23199999999999998
1906 39 0.0003812 0.23199999999999998
1907 40 0.0003814 0.2784
1908 39 0.0003816 0.23199999999999998
1909 38 0.00038179999999999996 0.1856
1910 38 0.00038199999999999996 0.1856
1911 40 0.00038219999999999997 0.2784
1912 39 0.00038239999999999997 0.23199999999999998
1913 38 0.0003826 0.1856
1914 39 0.0003828 0.23199999999999998
1915 41 0.000383 0.3248
1916 38 0.0003832 0.1856
1917 36 0.0003834 0.0928
1918 38 0.0003836 0.1856
1919 41 0.0003838 0.3248
1920 41 0.000384 0.3248
1921 37 0.00038419999999999996 0.1392
1922 39 0.00038439999999999997 0.23199999999999998
1923 38 0.00038459999999999997 0.1856
1924 38 0.0003848 0.1856
1925 37 0.000385 0.1392
1926 38 0.0003852 0.1856
1927 37 0.0003854 0.1392
1928 39 0.0003856 0.23199999999999998
1929 39 0.0003858 0.23199999999999998
1930 38 0.000386 0.1856
1931 38 0.0003862 0.1856
1932 39 0.00038639999999999996 0.23199999999999998
1933 38 0.00038659999999999996 0.1856
1934 37 0.00038679999999999997 0.1392
1935 37 0.000387 0.1392
1936 39 0.0003872 0.23199999999999998
1937 39 0.0003874 0.23199999999999998
1938 38 0.0003876 0.1856
1939 37 0.0003878 0.1392
1940 39 0.000388 0.23199999999999998
1941 36 0.0003882 0.0928
1942 39 0.0003884 0.23199999999999998
1943 38 0.00038859999999999996 0.1856
1944 38 0.00038879999999999996 0.1856
1945 38 0.00038899999999999997 0.1856
1946 37 0.0003892 0.1392
1947 36 0.0003894 0.0928
1948 40 0.0003896 0.2784
1949 38 0.0003898 0.1856
1950 39 0.00039 0.23199999999999998
1951 38 0.0003902 0.1856
1952 41 0.0003904 0.3248
1953 39 0.0003906 0.23199999999999998
1954 37 0.00039079999999999996 0.1392
1955 38 0.00039099999999999996 0.1856
1956 37 0.00039119999999999997 0.1392
1957 40 0.00039139999999999997 0.2784
1958 37 0.0003916 0.1392
1959 36 0.0003918 0.0928
1960 37 0.000392 0.1392
1961 38 0.0003922 0.1856
1962 39 0.0003924 0.23199999999999998
1963 37 0.0003926 0.1392
1964 38 0.0003928 0.1856
1965 38 0.00039299999999999996 0.1856
1966 36 0.00039319999999999996 0.0928
1967 37 0.00039339999999999997 0.1392
1968 37 0.00039359999999999997 0.1392
1969 38 0.0003938 0.1856
1970 39 0.000394 0.23199999999999998
1971 37 0.0003942 0.1392
1972 37 0.0003944 0.1392
1973 39 0.0003946 0.23199999999999998
1974 36 0.0003948 0.0928
1975 38 0.000395 0.1856
1976 38 0.00039519999999999996 0.1856
1977 38 0.00039539999999999996 0.1856
1978 40 0.00039559999999999997 0.2784
1979 37 0.00039579999999999997 0.1392
1980 37 0.000396 0.1392
1981 39 0.0003962 0.23199999999999998
1982 39 0.0003964 0.23199999999999998
1983 38 0.0003966 0.1856
1984 36 0.0003968 0.0928
1985 37 0.000397 0.1392
1986 37 0.0003972 0.1392
1987 37 0.00039739999999999996 0.1392
1988 36 0.00039759999999999996 0.0928
1989 37 0.00039779999999999997 0.1392
1990 37 0.00039799999999999997 0.1392
1991 36 0.0003982 0.0928
1992 37 0.0003984 0.1392
1993 37 0.0003986 0.1392
1994 37 0.0003988 0.1392
1995 38 0.000399 0.1856
1996 37 0.0003992 0.1392
1997 36 0.0003994 0.0928
1998 39 0.00039959999999999996 0.23199999999999998
1999 37 0.00039979999999999996 0.1392
2000 37 0.00039999999999999996 0.1392
2001 37 0.00040019999999999997 0.1392
2002 39 0.0004004 0.23199999999999998
2003 39 0.0004006 0.23199999999999998
2004 37 0.0004008 0.1392
2005 37 0.000401 0.1392
2006 39 0.0004012 0.23199999999999998
2007 38 0.0004014 0.1856
2008 37 0.0004016 0.1392
2009 36 0.0004018 0.0928
2010 38 0.00040199999999999996 0.1856
2011 39 0.00040219999999999996 0.23199999999999998
2012 36 0.00040239999999999997 0.0928
2013 36 0.0004026 0.0928
2014 36 0.0004028 0.0928
2015 38 0.000403 0.1856
2016 34 0.0004032 0.0
2017 38 0.0004034 0.1856
2018 39 0.0004036 0.23199999999999998
2019 37 0.0004038 0.1392
2020 38 0.000404 0.1856
2021 35 0.00040419999999999996 0.0464
2022 38 0.00040439999999999996 0.1856
2023 37 0.00040459999999999997 0.1392
2024 37 0.0004048 0.1392
2025 36 0.000405 0.0928
2026 37 0.0004052 0.1392
2027 37 0.0004054 0.1392
2028 39 0.0004056 0.23199999999999998
2029 37 0.0004058 0.1392
2030 38 0.000406 0.1856
2031 39 0.0004062 0.23199999999999998
2032 37 0.00040639999999999996 0.1392
2033 37 0.00040659999999999996 0.1392
2034 36 0.00040679999999999997 0.0928
2035 38 0.00040699999999999997 0.1856
2036 37 0.0004072 0.1392
2037 38 0.0004074 0.1856
2038 34 0.0004076 0.0
2039 38 0.0004078 0.1856
2040 34 0.000408 0.0
2041 34 0.0004082 0.0
2042 35 0.0004084 0.0464
2043 37 0.00040859999999999996 0.1392
2044 37 0.00040879999999999996 0.1392
2045 36 0.00040899999999999997 0.0928
2046 34 0.00040919999999999997 0.0
2047 39 0.0004094 0.23199999999999998
2048 36 0.0004096 0.0928
2049 37 0.0004098 0.1392
2050 37 0.00041 0.1392
2051 38 0.0004102 0.1856
2052 37 0.0004104 0.1392
2053 35 0.0004106 0.0464
2054 37 0.00041079999999999996 0.1392
2055 37 0.00041099999999999996 0.1392
2056 38 0.00041119999999999997 0.1856
2057 37 0.00041139999999999997 0.1392
2058 36 0.0004116 0.0928
2059 37 0.0004118 0.1392
2060 39 0.000412 0.23199999999999998
2061 37 0.0004122 0.1392
2062 35 0.0004124 0.0464
2063 35 0.0004126 0.0464
2064 36 0.0004128 0.0928
2065 35 0.00041299999999999996 0.0464
2066 36 0.00041319999999999996 0.0928
2067 35 0.00041339999999999997 0.0464
2068 37 0.00041359999999999997 0.1392
2069 36 0.0004138 0.0928
2070 37 0.000414 0.1392
2071 35 0.0004142 0.0464
2072 37 0.0004144 0.1392
2073 35 0.0004146 0.0464
2074 36 0.0004148 0.0928
2075 37 0.000415 0.1392
2076 37 0.00041519999999999995 0.1392
2077 37 0.00041539999999999996 0.1392
2078 36 0.00041559999999999996 0.0928
2079 36 0.00041579999999999997 0.0928
2080 36 0.000416 0.0928
2081 37 0.0004162 0.1392
2082 36 0.0004164 0.0928
2083 37 0.0004166 0.1392
2084 36 0.0004168 0.0928
2085 37 0.000417 0.1392
2086 36 0.0004172 0.0928
2087 36 0.00041739999999999995 0.0928
2088 36 0.00041759999999999996 0.0928
2089 36 0.00041779999999999996 0.0928
2090 35 0.00041799999999999997 0.0464
2091 35 0.0004182 0.0464
2092 36 0.0004184 0.0928
2093 38 0.0004186 0.1856
2094 36 0.0004188 0.0928
2095 35 0.000419 0.0464
2096 36 0.0004192 0.0928
2097 38 0.0004194 0.1856
2098 34 0.0004196 0.0
2099 35 0.00041979999999999996 0.0464
2100 36 0.00041999999999999996 0.0928
2101 37 0.00042019999999999997 0.1392
2102 38 0.0004204 0.1856
2103 37 0.0004206 0.1392
2104 35 0.0004208 0.0464
2105 37 0.000421 0.1392
2106 38 0.0004212 0.1856
2107 36 0.0004214 0.0928
2108 36 0.0004216 0.0928
2109 37 0.0004218 0.1392
2110 38 0.00042199999999999996 0.1856
2111 37 0.00042219999999999996 0.1392
2112 34 0.00042239999999999997 0.0
2113 38 0.00042259999999999997 0.1856
2114 36 0.0004228 0.0928
2115 35 0.000423 0.0464
2116 36 0.0004232 0.0928
2117 39 0.0004234 0.23199999999999998
2118 36 0.0004236 0.0928
2119 35 0.0004238 0.0464
2120 36 0.000424 0.0928
2121 37 0.00042419999999999996 0.1392
2122 34 0.00042439999999999996 0.0
2123 34 0.00042459999999999997 0.0
2124 36 0.00042479999999999997 0.0928
2125 38 0.000425 0.1856
2126 38 0.0004252 0.1856
2127 38 0.0004254 0.1856
2128 35 0.0004256 0.0464
2129 37 0.0004258 0.1392
2130 37 0.000426 0.1392
2131 37 0.0004262 0.1392
2132 36 0.00042639999999999996 0.0928
2133 36 0.00042659999999999996 0.0928
2134 37 0.00042679999999999997 0.1392
2135 37 0.00042699999999999997 0.1392
2136 36 0.0004272 0.0928
2137 35 0.0004274 0.0464
2138 37 0.0004276 0.1392
2139 34 0.0004278 0.0
2140 36 0.000428 0.0928
2141 36 0.0004282 0.0928
2142 37 0.0004284 0.1392
2143 36 0.00042859999999999996 0.0928
2144 36 0.00042879999999999996 0.0928
2145 35 0.00042899999999999997 0.0464
2146 38 0.00042919999999999997 0.1856
2147 35 0.0004294 0.0464
2148 35 0.0004296 0.0464
2149 35 0.0004298 0.0464
2150 39 0.00043 0.23199999999999998
2151 38 0.0004302 0.1856
2152 34 0.0004304 0.0
2153 36 0.0004306 0.0928
2154 35 0.00043079999999999995 0.0464
2155 38 0.00043099999999999996 0.1856
2156 37 0.00043119999999999996 0.1392
2157 35 0.00043139999999999997 0.0464
2158 37 0.0004316 0.1392
2159 37 0.0004318 0.1392
2160 38 0.000432 0.1856
2161 35 0.0004322 0.0464
2162 35 0.0004324 0.0464
2163 36 0.0004326 0.0928
2164 35 0.0004328 0.0464
2165 36 0.00043299999999999995 0.0928
2166 35 0.00043319999999999996 0.0464
2167 38 0.00043339999999999996 0.1856
2168 38 0.00043359999999999997 0.1856
2169 36 0.0004338 0.0928
2170 35 0.000434 0.0464
2171 37 0.0004342 0.1392
2172 37 0.0004344 0.1392
2173 36 0.0004346 0.0928
2174 36 0.0004348 0.0928
2175 37 0.000435 0.1392
2176 37 0.00043519999999999995 0.1392
2177 35 0.00043539999999999996 0.0464
2178 37 0.00043559999999999996 0.1392
2179 36 0.00043579999999999997 0.0928
2180 36 0.00043599999999999997 0.0928
2181 34 0.0004362 0.0
2182 36 0.0004364 0.0928
2183 35 0.0004366 0.0464
2184 37 0.0004368 0.1392
2185 36 0.000437 0.0928
2186 35 0.0004372 0.0464
2187 35 0.0004374 0.0464
2188 35 0.00043759999999999996 0.0464
2189 35 0.00043779999999999996 0.0464
2190 36 0.00043799999999999997 0.0928
2191 35 0.00043819999999999997 0.0464
2192 36 0.0004384 0.0928
2193 37 0.0004386 0.1392
2194 36 0.0004388 0.0928
2195 35 0.000439 0.0464
2196 36 0.0004392 0.0928
2197 36 0.0004394 0.0928
2198 39 0.0004396 0.23199999999999998
2199 35 0.00043979999999999996 0.0464
2200 37 0.00043999999999999996 0.1392
2201 37 0.00044019999999999997 0.1392
2202 35 0.00044039999999999997 0.0464
2203 37 0.0004406 0.1392
2204 37 0.0004408 0.1392
2205 36 0.000441 0.0928
2206 36 0.0004412 0.0928
2207 36 0.0004414 0.0928
2208 36 0.0004416 0.0928
2209 38 0.0004418 0.1856
2210 35 0.00044199999999999996 0.0464
2211 34 0.00044219999999999996 0.0
2212 38 0.00044239999999999997 0.1856
2213 37 0.00044259999999999997 0.1392
2214 33 0.0004428 -0.0464
2215 35 0.000443 0.0464
2216 36 0.0004432 0.0928
2217 38 0.0004434 0.1856
2218 34 0.0004436 0.0
2219 36 0.0004438 0.0928
2220 35 0.000444 0.0464
2221 36 0.00044419999999999996 0.0928
2222 35 0.00044439999999999996 0.0464
2223 36 0.00044459999999999996 0.0928
2224 36 0.00044479999999999997 0.0928
2225 37 0.000445 0.1392
2226 36 0.0004452 0.0928
2227 35 0.0004454 0.0464
2228 37 0.0004456 0.1392
2229 38 0.0004458 0.1856
2230 35 0.000446 0.0464
2231 34 0.0004462 0.0
2232 36 0.00044639999999999995 0.0928
2233 36 0.00044659999999999996 0.0928
2234 36 0.00044679999999999996 0.0928
2235 35 0.00044699999999999997 0.0464
2236 35 0.0004472 0.0464
2237 37 0.0004474 0.1392
2238 34 0.0004476 0.0
2239 35 0.0004478 0.0464
2240 36 0.000448 0.0928
2241 37 0.0004482 0.1392
2242 36 0.0004484 0.0928
2243 36 0.00044859999999999995 0.0928
2244 36 0.00044879999999999996 0.0928
2245 38 0.00044899999999999996 0.1856
2246 36 0.00044919999999999997 0.0928
2247 36 0.0004494 0.0928
2248 36 0.0004496 0.0928
2249 38 0.0004498 0.1856
2250 37 0.00045 0.1392
2251 36 0.0004502 0.0928
2252 36 0.0004504 0.0928
2253 37 0.0004506 0.1392
2254 37 0.00045079999999999995 0.1392
2255 34 0.00045099999999999996 0.0
2256 35 0.00045119999999999996 0.0464
2257 36 0.00045139999999999997 0.0928
2258 37 0.00045159999999999997 0.1392
2259 38 0.0004518 0.1856
2260 34 0.000452 0.0
2261 35 0.0004522 0.0464
2262 37 0.0004524 0.1392
2263 34 0.0004526 0.0
2264 36 0.0004528 0.0928
2265 34 0.000453 0.0
2266 36 0.00045319999999999996 0.0928
2267 38 0.00045339999999999996 0.1856
2268 35 0.00045359999999999997 0.0464
2269 34 0.00045379999999999997 0.0
2270 37 0.000454 0.1392
2271 36 0.0004542 0.0928
2272 36 0.0004544 0.0928
2273 36 0.0004546 0.0928
2274 37 0.0004548 0.1392
2275 38 0.000455 0.1856
2276 37 0.0004552 0.1392
2277 35 0.00045539999999999996 0.0464
2278 37 0.00045559999999999996 0.1392
2279 37 0.00045579999999999997 0.1392
2280 34 0.00045599999999999997 0.0
2281 35 0.0004562 0.0464
2282 34 0.0004564 0.0
2283 36 0.0004566 0.0928
2284 34 0.0004568 0.0
2285 34 0.000457 0.0
2286 35 0.0004572 0.0464
2287 35 0.0004574 0.0464
2288 35 0.00045759999999999996 0.0464
2289 36 0.00045779999999999996 0.0928
2290 35 0.00045799999999999997 0.0464
2291 36 0.00045819999999999997 0.0928
2292 34 0.0004584 0.0
2293 34 0.0004586 0.0
2294 36 0.0004588 0.0928
2295 34 0.000459 0.0
2296 37 0.0004592 0.1392
2297 36 0.0004594 0.0928
2298 36 0.0004596 0.0928
2299 38 0.00045979999999999995 0.1856
2300 38 0.00045999999999999996 0.1856
2301 35 0.00046019999999999996 0.0464
2302 36 0.00046039999999999997 0.0928
2303 38 0.0004606 0.1856
2304 37 0.0004608 0.1392
2305 35 0.000461 0.0464
2306 37 0.0004612 0.1392
2307 36 0.0004614 0.0928
2308 36 0.0004616 0.0928
2309 34 0.0004618 0.0
2310 35 0.00046199999999999995 0.0464
2311 38 0.00046219999999999996 0.1856
2312 36 0.00046239999999999996 0.0928
2313 35 0.00046259999999999997 0.0464
2314 37 0.0004628 0.1392
2315 37 0.000463 0.1392
2316 37 0.0004632 0.1392
2317 35 0.0004634 0.0464
2318 35 0.0004636 0.0464
2319 35 0.0004638 0.0464
2320 36 0.000464 0.0928
2321 35 0.00046419999999999995 0.0464
2322 35 0.00046439999999999996 0.0464
2323 34 0.00046459999999999996 0.0
2324 37 0.00046479999999999997 0.1392
2325 37 0.00046499999999999997 0.1392
2326 35 0.0004652 0.0464
2327 36 0.0004654 0.0928
2328 36 0.0004656 0.0928
2329 37 0.0004658 0.1392
2330 37 0.000466 0.1392
2331 34 0.0004662 0.0
2332 37 0.00046639999999999995 0.1392
2333 36 0.00046659999999999996 0.0928
2334 36 0.00046679999999999996 0.0928
2335 35 0.00046699999999999997 0.0464
2336 38 0.00046719999999999997 0.1856
2337 35 0.0004674 0.0464
2338 35 0.0004676 0.0464
2339 36 0.0004678 0.0928
2340 36 0.000468 0.0928
2341 35 0.0004682 0.0464
2342 35 0.0004684 0.0464
2343 37 0.00046859999999999995 0.1392
2344 37 0.00046879999999999996 0.1392
2345 35 0.00046899999999999996 0.0464
2346 36 0.00046919999999999997 0.0928
2347 35 0.00046939999999999997 0.0464
2348 38 0.0004696 0.1856
2349 37 0.0004698 0.1392
2350 35 0.00047 0.0464
2351 36 0.0004702 0.0928
2352 36 0.0004704 0.0928
2353 36 0.0004706 0.0928
2354 35 0.0004708 0.0464
2355 34 0.00047099999999999996 0.0
2356 34 0.00047119999999999996 0.0
2357 37 0.00047139999999999997 0.1392
2358 38 0.00047159999999999997 0.1856
2359 35 0.0004718 0.0464
2360 35 0.000472 0.0464
2361 36 0.0004722 0.0928
2362 33 0.0004724 -0.0464
2363 35 0.0004726 0.0464
2364 34 0.0004728 0.0
2365 36 0.000473 0.0928
2366 37 0.00047319999999999996 0.1392
2367 35 0.00047339999999999996 0.0464
2368 35 0.00047359999999999997 0.0464
2369 36 0.00047379999999999997 0.0928
2370 35 0.000474 0.0464
2371 35 0.0004742 0.0464
2372 35 0.0004744 0.0464
2373 38 0.0004746 0.1856
2374 37 0.0004748 0.1392
2375 36 0.000475 0.0928
2376 34 0.0004752 0.0
2377 37 0.00047539999999999995 0.1392
2378 36 0.00047559999999999996 0.0928
2379 34 0.00047579999999999996 0.0
2380 35 0.00047599999999999997 0.0464
2381 37 0.0004762 0.1392
2382 35 0.0004764 0.0464
2383 36 0.0004766 0.0928
2384 34 0.0004768 0.0
2385 35 0.000477 0.0464
2386 35 0.0004772 0.0464
2387 34 0.0004774 0.0
2388 35 0.00047759999999999995 0.0464
2389 35 0.00047779999999999996 0.0464
2390 35 0.00047799999999999996 0.0464
2391 37 0.00047819999999999997 0.1392
2392 35 0.0004784 0.0464
2393 37 0.0004786 0.1392
2394 37 0.0004788 0.1392
2395 36 0.000479 0.0928
2396 36 0.0004792 0.0928
2397 36 0.0004794 0.0928
2398 36 0.0004796 0.0928
2399 36 0.00047979999999999995 0.0928
2400 35 0.00047999999999999996 0.0464
2401 36 0.00048019999999999996 0.0928
2402 37 0.00048039999999999997 0.1392
2403 36 0.00048059999999999997 0.0928
2404 35 0.0004808 0.0464
2405 37 0.000481 0.1392
2406 35 0.0004812 0.0464
2407 36 0.0004814 0.0928
2408 35 0.0004816 0.0464
2409 34 0.0004818 0.0
2410 35 0.00048199999999999995 0.0464
2411 35 0.00048219999999999996 0.0464
2412 35 0.00048239999999999996 0.0464
2413 36 0.00048259999999999997 0.0928
2414 36 0.00048279999999999997 0.0928
2415 36 0.000483 0.0928
2416 35 0.0004832 0.0464
2417 35 0.0004834 0.0464
2418 34 0.0004836 0.0
2419 35 0.0004838 0.0464
2420 35 0.000484 0.0464
2421 35 0.00048419999999999995 0.0464
2422 36 0.00048439999999999996 0.0928
2423 37 0.00048459999999999996 0.1392
2424 36 0.00048479999999999997 0.0928
2425 36 0.00048499999999999997 0.0928
2426 36 0.0004852 0.0928
2427 36 0.0004854 0.0928
2428 35 0.0004856 0.0464
2429 35 0.0004858 0.0464
2430 34 0.000486 0.0
2431 38 0.0004862 0.1856
2432 35 0.0004864 0.0464
2433 35 0.00048659999999999996 0.0464
2434 35 0.00048679999999999996 0.0464
2435 36 0.00048699999999999997 0.0928
2436 34 0.00048719999999999997 0.0
2437 33 0.0004874 -0.0464
2438 35 0.0004876 0.0464
2439 37 0.0004878 0.1392
2440 36 0.000488 0.0928
2441 37 0.0004882 0.1392
2442 36 0.0004883999999999999 0.0928
2443 36 0.0004886 0.0928
